x1 x2
-2.54096106263726 -0.360743110974905
1.82563590924633 1.12770328226034
1.84880443433169 3.18239385803034
3.13305716726449 5.93421598340563
1.62986193471172 0.595494086887397
1.66816194337404 -0.58868005320259
2.44830928566058 3.25080042863119
0.25070973451293 -3.04505584362787
-2.34368647520998 5.97976202390645
-5.38953690818455 2.22370888326885
6.04652110624829 2.80906933542859
-2.75361047501809 0.468252733902422
1.44292476351541 -4.45943016551493
-1.32532217971169 0.122742864513496
-1.94921716041814 -0.833574761683888
-0.713586968122553 -1.56538109783686
2.36040871831035 -5.84717486742301
-3.3475061345671 1.66583830729913
3.69497916930453 3.72764190687604
-4.11085058131416 -2.75296502356922
0.372478426204914 1.16603278202047
-3.22864473498423 2.93925743386657
2.21919684418069 3.27455972805443
-4.44980537855858 1.21351789451309
0.90414220267214 7.92263048775452
-4.8998872460309 3.25980417634913
-0.150861063596502 3.14423289937608
2.14801467497407 3.38741876585469
5.4837749693758 -2.65112092790732
-1.57005806154759 -0.256022827449764
3.07204516677456 2.15759941835343
-1.14637681304926 1.12804736262495
-0.579341083466599 1.35605970209676
-0.130461566307572 3.42926927164686
-3.27088451316881 3.60272163382895
-3.11316807419224 -5.41282289316217
0.439478750417466 0.472246880621781
0.620075183406357 0.512060131114854
0.690127779314834 -0.597064307205115
-0.806834339167262 -3.12061975934603
2.42280896300708 3.72779101482272
5.06465378406953 0.644505908501473
2.84510251323621 4.62955354065662
-3.02334817647878 0.221490336112476
3.01846990915337 2.38768718882204
0.847926093202361 0.997473737687928
5.42264772049637 2.80232630286066
1.19340575614883 -2.27941376906144
2.51265637399452 -1.94832993626312
0.986546136180129 3.32734346912393
2.83956916166715 2.09250222020741
0.713609688949489 -0.0249183646138571
0.698464164308176 6.17877614228235
-8.79187413390322 -1.01435053171199
0.50421612052381 -2.38910354163285
-1.0055391097936 -0.267729196744049
4.23578912547859 0.946151992302105
6.70669701331691 0.669794496154693
0.177866154365928 -0.582023298382277
3.68265553471593 2.33082585393377
0.811492993405633 -5.90775938483796
-0.0943469135544394 1.61245147119745
-1.43859055573084 -1.52888475600949
-0.957617818101202 -0.976270718159284
2.56694539966574 1.76639422895983
4.9043515144116 -0.214241178560472
-0.701189260218927 1.20107109886999
0.187506332225223 -3.14717164285552
0.356243158755673 2.54505280865156
0.562368336228541 5.11354663537947
3.80414293308853 1.37914334131648
1.03500104363 0.0126025147799467
-0.148378348558591 -1.35881021904521
-3.69166844368742 0.884213029466932
-5.18059202736831 4.15148143762996
-2.9452678041482 1.86930540129906
-2.18516927626696 -1.1454810230014
2.90771640883907 9.275766018215
0.286642187154482 -0.711344456574205
-0.262243285591347 -1.57330627696805
0.215770286777456 1.33919685998998
2.54189638053747 -1.64178795672303
-2.24404118277566 6.32288639865082
-2.01919781393211 0.333359226765412
0.85318197278579 4.63612957860779
0.934554852622291 2.25416003434182
5.14680114304404 2.64539584309256
6.58879684250906 -1.13145812335392
2.35535416196894 -0.350319553305423
-1.34922153414496 -2.50647334837658
1.77499873500621 -0.668084381016585
-0.338399981780525 1.70005569284455
-1.28608986843359 -2.76266299648434
-3.32980027147146 -0.589960135025489
-5.20745787199873 1.54427841203323
-6.42982072657315 0.475368770824898
0.154279636428472 2.57794001378988
2.3873399722644 3.0708252306985
2.57474642746945 -0.441067317749197
-4.26452479634549 1.70162226492527
6.5701565448804 3.9372701102874
-0.0950369124483277 -3.27634201552696
-0.00764746778816805 0.899214153189249
-1.43758839992276 3.16720999957038
1.21911640445741 -0.164853963137632
6.57323440090964 1.50127554723597
5.27966387611965 5.51273702577698
1.58783948845421 0.443356214910176
-0.59082692575385 1.72310090893264
0.867098578662427 3.60966587857223
2.26095903132133 -0.664411720907308
-4.21751427821666 -1.13767148600989
-4.27662365996072 -1.56910176405879
0.933469884923248 3.16944242621881
0.758150466989226 2.60942448132263
1.91559369752894 0.84842243250692
0.462752955162019 2.08565452924966
0.719342354832555 0.696727636545661
1.48142842061511 2.17724844421557
1.78278145361486 -1.0406667192733
3.10102585423753 3.44220200854306
3.76566690701938 3.87843728965253
1.90415862931281 0.241884829185746
-1.19216429586932 1.32877855817381
1.04878143266515 2.85448035110473
2.96307148063293 5.87588794086741
1.43810961014071 2.95083174993154
0.263058609066102 5.39036434137667
-2.33206321829556 -2.91192136539713
-2.16200198662289 2.47461998770544
1.40700798009819 -0.194101201172858
0.98337603646604 5.17599267765322
3.81946298391855 5.50676171380416
3.43147501999477 -1.94594707919109
1.90908836408612 1.8909245747744
4.26245105141408 -5.28748164447005
4.65674182486578 1.48532820364147
-1.19892606284126 2.00930200522898
-1.43819491220138 1.1964456315754
2.25330529056547 3.25732362277679
0.218623974944363 1.31313208893708
-1.52426213990607 0.745421963586007
5.55741079529902 -1.25474453704777
0.0526141715514501 -1.13588338265839
0.527878918341272 2.59892584421173
3.45898448954158 1.04233569444012
-2.50277468485624 1.73675382978231
3.13525337435996 1.02054323904814
-2.99835608469785 -1.57953794248507
4.04862893534666 0.878983074536397
1.84056407920382 0.330115507241903
-1.11418364624765 -1.81479930556671
0.918413975012194 -1.27555338176594
-2.54205821685102 -0.0598259851770428
1.1205709962832 1.91399335649435
-2.68963232609616 0.265937697513605
-0.975812773161637 -1.49857482255998
-0.666557479656647 -1.59395576983801
-0.721010988802116 -4.57481277908817
1.69778672253749 -2.36338572545601
-0.0770276470576232 3.43533184358925
0.944325274837127 -2.34961172153549
2.59139699342628 3.95449724985659
0.308901036366718 -4.61945527770039
-3.08485074985013 4.88306650672491
-4.94920738228079 0.659558411101863
-3.34846748573197 -4.02922326975942
2.30971641720167 -0.0498672599111589
1.42511186683454 -1.09518931183957
0.710524103117448 3.1821606402707
-0.668330353218194 2.26429078731729
0.47743679986085 2.85616796047452
-1.2847192302262 -0.675764514795428
-0.427610834897811 -0.196794514899466
2.06643408437367 6.47970891872557
-0.394700710179454 0.817398022300103
-1.73970621303414 1.80832056825717
4.33420645296071 -1.71579798706055
0.41517645826927 0.465641139418116
-0.63899301726034 2.67013850231795
0.132031602716138 1.41567473373375
4.12513744711818 -1.50797924327362
-1.25987595329305 2.82202882186521
1.72824627357971 1.75862753591373
2.8546174954458 0.2720571808213
-4.30476940887939 -2.10124333527083
-0.636897752103556 1.07230952454179
-0.843346308081658 -0.0485255749310671
-2.43862877113729 1.11705459596608
2.0576541268032 -3.00766375088222
2.24165311723179 2.39578058156615
1.49449683824136 2.29202629470284
1.63517215205309 1.25112600914214
5.05860804672702 1.51317888841125
3.24427925187063 -0.35158650293694
-2.32199022614475 -1.41814823890856
-0.408949746821426 -0.323774726367502
2.48207754818808 -3.63847494109263
0.707966899251754 2.32457281942392
2.71486326066896 -0.323228797070151
2.3975018626343 4.36823044505551
0.894853973753739 -0.170595044606236
1.33978475240927 2.43215761657786
-3.82771783579896 -1.11764919588111
3.81605878304168 -2.83764675324899
1.68202936439484 -1.08226883586841
-1.45621238074393 -1.72989933237037
-2.29868774312003 -2.46996915372891
1.08925813576586 -1.01577171495601
-3.23307280138879 4.42876103454321
1.37774245969793 -2.42373949472467
0.310971686873787 1.10466915816864
0.181331590945134 2.88816544612953
0.417134154109193 -3.4983663132028
3.93569109829967 4.93145516140841
-1.26644023216295 1.72544920959548
-2.90341287914447 -0.531437497903453
1.7921973685238 6.05760273926942
2.31231058865335 -0.20002719024917
-0.0788979317057102 -0.236375606773017
3.94562716956046 6.83899065401543
-1.55362361131867 3.65558121111194
-0.958592547060814 3.61162291131516
-2.57285339873566 -0.211282796044565
1.79770936409303 2.14770701352845
-0.718548304943704 -0.181776296756017
-0.928888609981775 -0.250552646588092
1.75670475687694 2.3293834062308
-0.732694154443803 -1.34008719319658
3.86321478521947 -2.41510122810634
-0.589878109913613 -1.05384421783214
-3.14976657337038 -3.46260841207966
2.36164008517363 1.52544638632517
-0.536257617331501 4.0690861797737
5.07400282256878 4.66896384873814
2.26287356733928 -0.176013885215384
0.416811602641991 3.49490269713063
4.3877841747397 6.16674538601722
-2.0287157648978 -0.959421792186661
0.193021809108826 1.7854964336351
-2.07042671117579 1.97147671996122
-0.729477516495021 -0.145648693717952
-0.334375232338189 1.3378695074749
1.65123701565373 0.0880862228441972
-3.0924658507666 5.93150114541681
-2.0576418225438 1.04650472058247
3.13223534389498 -1.22510970114237
-6.09976112045958 1.31237215609858
1.3941820622005 2.98823850815665
2.45794997258918 2.07438302939776
2.31074334187806 1.60359446359495
2.80110006376317 1.70688185357632
3.81094587287527 -1.10395424579471
3.85031206437245 2.38182984476406
-2.65263103263606 0.245130688613223
3.77858395159433 -0.529369397933956
3.64641131950288 1.52750665225623
-1.14859575345387 -0.504518670338648
-1.12415333012617 3.27952634955947
0.272565874611668 -1.35446414084853
-1.05910157713992 0.362165307782082
-3.19167363031689 2.06991687404193
3.96084099258323 3.98037641836857
0.0596125409972778 -0.080325932735441
-0.531976298613031 -2.39515526713487
2.81529519244903 4.61659774873143
-2.38563276794464 2.45212219677163
0.761182533925773 1.70941587686922
3.47548816019145 -4.89335870944285
1.6939585714928 -2.44354571192799
0.428217028577273 0.283425660806541
3.06043572967321 0.801106154502949
1.8579051783711 -1.58676068176766
-0.181810639241683 0.117253466606767
3.45038388360941 -2.12612880177388
-1.18356449747976 0.618832264967813
-2.28174026936811 -0.81278606868505
2.82943689362542 4.74228744407939
1.05820619188332 -0.291864096751926
-0.382697908069232 -0.120945695188277
-2.79883273599894 -3.48300191750548
0.563660461490796 1.84240825310814
1.57301225664383 -0.430505947623838
1.50122876388903 -0.497122498000664
0.146407202864951 2.37423522731695
-7.04130039906592 5.67277252335929
5.81255914631307 -3.03175009088205
-4.06307423808926 -0.74728820141383
-0.303385239545922 -0.594907728497934
0.622511093455054 1.61283308345808
2.70842938796429 2.38669716187195
1.24979253299066 -2.7967186153538
-1.25273351819898 0.399514384847701
5.17834333562073 -2.87459662626096
-0.646245970403155 -0.250568413105808
5.19103620220121 -2.04980254287285
0.976016056860923 0.656818361370298
4.9511298249984 1.10677061737605
-0.680203125505233 -1.43759908388167
-1.41861670485827 0.659876565791133
4.39680003562167 1.92075090207201
2.26794107967146 2.29767997729591
4.10249215531565 -0.458572135252159
0.862918904355631 1.28719073365996
1.55919128684273 1.06246991252468
0.540516473501688 3.88446988535412
-5.20178032239182 2.45303206198762
-0.156091714723063 6.82546518667671
1.63060043738957 6.21523421986328
-0.0693419560239598 1.42834533540261
4.31853021652042 3.17976254114566
2.66747665484883 3.34694324338781
0.260147629312155 -1.01568993220318
1.9021992473233 -0.0822752486355093
-0.773873987127595 -0.928471267875683
3.40919396294235 2.04762866145489
-2.15061352766046 -1.7691143233413
1.9557151779653 3.12881544388593
-2.52032178042087 1.88017991887456
-5.21380098218282 -2.52809451029064
-1.75949518008147 -2.38169163797108
6.60553553734364 5.22656849553313
1.71992167730825 0.508210983867289
4.03684993674886 2.12858443430258
0.615691968189242 -4.4300370276978
0.765252354635755 0.612506643596432
2.06896264774904 -0.20690460638602
0.421618931743707 -2.551829848293
1.50908629111005 1.56640736117789
0.225631808122859 0.972964698238201
-0.901663371005098 1.1469214503768
2.2134331004965 3.79847263630572
4.88669989375662 7.12344338151235
-2.61329459068127 -5.62145932545042
-1.09923274737757 2.94110921434349
2.76799099426416 0.681192478607336
-2.94297175575044 5.18093710053602
-0.76872184281023 3.20971239798967
1.9192122975468 3.27274746387441
-0.407266668798144 -0.359814631623154
-1.62131752901636 0.0655131975632635
2.45242586784059 3.05992764517975
-4.47069030678953 2.75749094192249
-3.15844663727602 1.41920488980405
1.53604546697055 1.84820628990575
1.44182957331103 -0.666825301564646
0.39009000920806 -5.81201777365883
-3.35745964494716 -0.541769284585106
4.2644052740791 2.72729884993916
-2.50142316940788 1.72332929981797
-3.54407166216719 5.881377317516
-0.386307342754141 1.71471852613704
-2.90065556888763 1.98933647251125
3.23285939463701 0.0822002019949647
3.33529969544876 3.17638971782962
-1.14096319376434 0.269812469552176
-1.05876216053655 1.79309536228854
-0.2565983603279 -1.30095837377273
2.86344840098164 -5.55108404488245
-2.81280673846051 -0.297268263566677
0.0527328627683064 -1.14083936471382
1.03421148956476 -0.158272126425034
0.724381555452004 -0.990088898099083
1.87748799614293 3.07693627485075
-3.16525855971971 -1.25850538108468
-0.211752602358239 4.10617628994287
-0.961872907029972 3.94392057232729
0.793003340476751 1.67848902779021
0.893272742622768 -2.7636832592888
-0.1040334952344 -5.62461690986757
2.00266111261527 2.61846987958221
0.514739521235173 -0.423640642222812
4.75070287669251 1.35856927405747
1.44943814519236 2.70584778945773
1.88490212377956 1.24627364555501
4.30381948192847 2.34231463935121
-1.44266662049879 -0.462619607382275
-0.490314833638997 1.67911580775631
3.57342743770281 -1.35451265615155
4.30031626464652 -2.4418749614898
-0.202888732872243 6.9586509599594
5.10797077902637 -0.574742232205411
1.2252604074683 0.398597543801523
-0.965395938277383 3.74232388974284
1.8401940833468 1.63900948837897
5.34544708308709 3.76957823861152
3.1810762902047 1.73727438294323
0.150894482694665 -2.26906479761437
1.39562645373942 -1.82402169262654
-1.55704655127163 1.18916839477171
-3.83494976910488 -1.80280650827616
-0.958301991819955 1.41791735585901
-1.3799067789935 -1.24263094930399
1.9228862505036 2.69128451013437
-3.3580561840379 -3.74331620485785
-0.935129881682543 0.651478397626974
3.50684051497601 0.0796900668939331
-2.89636726341168 0.224328595415098
1.16495808970345 -0.714586837730913
0.665066432942666 -1.08499792753947
-2.05438047733768 3.17844578892073
-4.70656751812505 1.5001498056822
0.453796755984587 2.68147761678513
-0.868365253941164 0.47430035703565
3.65102195898615 5.86004653774589
2.74046397111818 -0.987547754072148
1.47600022874584 0.75261759127158
4.43464074623628 5.63073742387304
-1.54518103825427 1.73118311847012
-3.60374784582482 1.77803217310995
-1.39977410470325 1.69035668948031
2.11324409463176 1.24182131966399
2.48148519393974 -1.16945656843473
-1.57829074584317 2.43793399226173
3.90692538073876 6.25400813438172
-3.19763925531374 2.24625834591366
-3.20188674230816 1.08367945796619
2.52647044840308 -0.617674342052498
-1.80539480579479 1.4502836515886
4.04428470923603 0.955134731935693
0.316504650185904 0.642098996082429
-1.69280224711955 -4.37105311001599
2.43790841003827 1.35747094754072
-0.850141519977118 2.19991499854507
2.75693425310874 1.34808881115272
-1.41939303862281 -1.60945708528373
-1.31283791128707 0.463264637947182
0.778689406659172 -2.98867326621449
-1.34544390659197 -0.502073167519174
-0.751604967358392 3.39039846351328
3.56216849942345 1.56744190783569
3.95017413595964 1.68156287261731
-0.441028207965699 -0.935978819478918
-0.798388872014062 1.23761067417153
0.277658085249668 -1.34780428254871
-2.3733578223002 -2.03768473122732
2.69970121952823 5.97693940019756
1.51602279663871 7.51264070939807
-0.476801479764397 -1.98384086416873
-5.54755486877826 -0.444483975872084
1.84424257708658 -2.86478108983545
0.776765046426394 -1.11790920771167
-1.15135953434493 2.93613379721312
1.35867580931719 -0.386220811832514
2.34234111082145 0.222115263605288
0.781470291917907 -1.29748689689452
0.00267199268071394 2.60530551947777
5.47669242057127 -1.09405265984377
-0.106770474438476 2.58067469976357
-1.04194565861072 1.61327803147685
-3.50407494260949 -1.48770372283799
1.46824508176386 2.53392697283639
0.828348768899759 5.75045665549137
-0.699953191868922 -3.23328209274614
0.18849261400057 -2.94909443734233
1.24438554720295 -4.44543767041535
3.18637408710666 0.751585002011692
4.99631147350848 1.80638777633729
-2.17375902621035 -2.8027246811901
1.3665226431939 -0.90603790818705
-0.736700224100278 0.280660119245261
4.69147284355647 5.46322744733533
-0.725043179518116 2.79447565956421
-4.5725874693862 -1.57553754790788
3.50313474325534 1.0498641541362
-1.66678563795003 -3.86421399251243
2.38150367613752 1.00404853527541
0.810261577448771 5.59924899034759
2.41640682522558 -0.757691287868678
1.63933712018295 4.34506118728496
-1.16651797041121 0.115850677819227
1.45392426333858 1.15723668294628
0.953643627778073 -0.780001591574912
0.78350151818831 2.05561632822961
1.54355465748304 -0.655949584903696
-0.656002459024144 1.88036550520733
-1.60775111985211 1.81719594982773
-0.786198022757049 0.722869289697778
-0.810135754390285 3.91879882860328
1.07570614620081 0.812941294891401
-0.224649724814534 -0.802588093360586
2.94985300144082 4.25339615572123
0.894704564722552 4.63257052324462
0.238212643526483 0.757827403890009
0.0383470706050385 1.72893241279849
0.942340784351551 -0.440717344583699
-0.125969699215015 -1.15902227424192
0.283803935463201 2.6653780558002
-1.24890575806627 -5.23537052913626
-0.877874116766909 2.63244857661293
1.43635842348131 -1.62988226388107
2.03055350372497 2.98178095426273
-2.42419257129381 3.27937628516656
-0.114347733485557 1.60536151246639
-3.4590790696084 -0.636233698893915
-1.43845630625055 2.26661127671121
3.01432180806177 6.53593519985077
3.82716642180008 -0.24285832045505
4.48176503852049 4.72544288805217
0.706802167644143 -1.97807578048577
-0.412621371015585 1.61260611061763
1.22063549200897 -2.26219957105905
2.6638998877382 1.16302764583132
3.23254552329822 7.03086930270667
-0.515079746537504 0.137676372958348
2.01924796410897 6.27097646726872
-1.15803285739204 1.00585803926131
-1.04484704167778 2.01184682871317
3.27650956749772 1.68967258276032
-0.494685988339065 -0.13663241635059
-1.14052757081041 2.91157381799446
2.54618617053789 -0.950374654157498
1.24009410626631 -1.16627964518012
0.470692290682882 1.57037722671804
0.288339138180352 1.82891479397429
2.73660412165277 -2.21168347240363
-1.34336666041567 0.898204423886814
0.33220443903329 -1.53939469996389
-2.40471431424872 1.7548577399827
-1.3206072694815 -0.334106882390529
2.80681000841843 -0.951705111471151
1.12877934961313 2.68548703123939
-1.16748240261778 1.04425870611614
-0.446586026977566 1.47000048137594
-0.440511721947247 -3.68506322351811
3.39774465861465 3.12055329381776
2.03778068193125 3.31991464223259
2.00854016551424 3.5029310953415
2.38197675667532 -0.982733173329987
0.962833087431511 4.82369133334617
2.07763246976058 3.12154535866844
-1.76568395302354 2.44808183914571
2.10916513131767 1.35163999286647
1.2287855731663 6.4841444278601
-0.558597713512495 0.862767670859595
1.944946184097 -1.10698356137265
2.49607814459694 5.95892195792054
5.49683413945912 -0.154664012195306
5.01385265302741 0.308028490894139
2.15902554920729 1.99864124940708
-0.0961930142124388 0.222392328433347
6.11865142777216 5.3303249002004
0.836714527027367 -1.04300860866615
4.01917314989808 3.36072654561279
3.39846773388585 4.07398968340614
-0.0127977044658386 6.42523853573563
-2.08895491741199 -1.76840409462891
1.53880714011989 -0.488128739901358
5.38157226225401 -0.259348950934695
3.37974815775288 2.01411170388796
0.124682169998711 2.85328272903075
2.29329731970594 4.48719173451176
-0.0744081608003235 3.61277555989752
1.76696243815275 -0.643370997117366
-2.70522538222827 4.27692199589248
0.0573438689515714 1.7950753673867
0.448593354536669 -0.459675091492656
2.29424528114858 -0.730369408855266
3.92256975269422 0.80422400113253
-1.40695325941285 -0.212924614541267
5.30166434835674 0.0199864955989257
2.79367848311334 -7.03339325917617
2.73762946710371 -2.39872194943185
-0.788801872779828 -1.4276044107081
-0.795990462071115 -1.47712216736604
4.00482625274299 5.79414746744076
-2.47746259234082 2.87467899678126
-0.661530977067817 -0.111982721358301
1.68212560073331 -2.40219391952364
-0.458129272603194 0.984533729121684
2.44108384876986 0.0705408644136072
0.885382038785931 0.307462251263995
0.920153075055205 -1.11912710006811
-1.01726641856097 5.67567013965385
-4.63901141346149 -2.01344640827274
3.34127596387179 -0.220863597341861
2.07585265821686 -2.03733617423144
2.85440016547693 1.50565462218792
-0.961304010863927 0.397487730937422
2.99171989411652 3.435679919924
-2.08065060028241 9.90985858731844
2.52842744948593 -0.989879371719173
1.78158995149146 3.53450311385084
1.36283382374828 0.439563562450713
-3.1620272046741 8.94511906968753
5.54863195650424 2.4692885780394
0.25442689419574 -1.76047491774967
-0.227979154382284 -1.94613596670507
0.42125922529368 1.04706123780953
1.67673484837034 -0.51462304989951
-2.31102450674701 -3.34800954198526
1.73750141821174 -1.20690045856695
-3.92246617868179 5.64948798086332
2.4147034023449 -0.646571729250965
-1.04914817344573 -0.510008031804158
2.97180918765145 -0.100154072295507
3.09489750131459 -0.694275787993719
0.685850194546778 0.930136424739966
-2.79779625243049 2.42515796935818
-2.65557070324754 -2.26112107163793
-0.105063768858557 -0.950254452466237
0.856020620868147 0.275893726243672
-3.25228075052125 1.84918869539124
-0.654741130498047 0.105253100295465
-2.05707457770744 4.66318052297346
5.06223826317008 -0.513319224849746
2.96176910046666 -0.898791054097145
-1.57055255258005 -1.03848155219204
3.02084656211159 -1.12205303170405
2.24196833240859 -0.295414753927463
-1.87268918648815 -2.70887612066411
0.912569435375806 0.298688125767381
1.0308506419101 2.27206825809889
0.63239853680543 2.22486198504589
-1.17805730532438 -0.569950894402434
0.526973246931239 -1.20673598085486
0.40222162635954 2.04882314020459
0.915539128795057 2.99380477119459
0.230452147302852 3.82791841642651
3.52226904063324 -0.193199674935823
-0.733978148896045 0.38568415542922
1.2306428823956 -1.04551089588839
0.342778559682995 -3.79131237307961
0.382286616368258 0.524517397950506
0.585188983549225 0.974639879643241
-1.51795246544897 1.03813780174535
-1.01043711634883 3.70836924357026
-2.73309420650842 0.169719888635445
2.0593882490936 -0.369309407775359
1.97322183545164 0.159633075638443
-0.210621238459907 2.38055368553729
3.51476419651205 -2.73207322018261
-0.268095286591643 -1.43769108071613
6.36786399930715 2.5437755934044
2.14205411900386 1.52837325665323
-2.59279874495876 -4.68917193321505
0.518698205701773 1.16062699565639
5.1458691031829 2.42619802918496
0.164829877247879 0.521397161447914
1.72390015723431 1.11957207509771
2.50486108007049 0.223586545404266
5.67887553108111 3.60257060189418
-0.555684677982903 1.74465732724909
6.27980995225895 -0.0873747088483277
4.51841084593854 0.929492519661613
1.15143139015612 4.4315467303282
2.93523404349634 -4.21026347518989
-0.297363907165731 1.52888793277464
3.53904381009736 0.344013133921625
-0.400347529821356 2.98421081219612
3.40939121828262 0.464435865703908
-2.13396086201174 1.53288828768533
1.01011210797589 0.235046965585443
-4.61046228452764 2.84979264948486
2.49822710627908 1.94140938377365
0.881762372612261 3.86979969838857
