x1 x2
1.30025923604906 -5.308890417161
1.60867369352272 3.06970976090352
-1.31709193409111 6.12751300192478
0.206236077877222 -1.21368055676275
-0.148155069929183 -0.18881170282315
-1.49542678090829 0.898451741119318
0.0661672078164488 2.87089191424451
0.113746702130001 -0.261152029058357
-0.258502214947807 -0.737606744489728
-1.31835188230487 4.37626566444202
-0.0733836719390674 3.10232655833176
3.87584318397137 2.75975944553219
-4.05562006141851 6.51622644839546
-2.83561415542799 5.15309886688218
-3.17681081160985 0.792928542288089
3.04731881740885 -4.96745906679445
-4.67660653726096 -2.00158152832059
-0.772287790621262 1.13085363615017
2.19116627986905 7.41914099377704
1.93125082268797 2.72017946802532
1.16014645329281 1.39125634350507
-0.117477358676314 1.54701218345479
-0.0550874929806996 1.56226024518855
0.770660913370635 3.20600024326138
2.51218424260272 2.63413585752155
0.260646695107229 0.581812887761486
-0.74456267344958 1.59537429864986
-2.33542518519654 -0.514840340061797
1.69012136590011 0.113684017223753
2.17550426236447 3.29954419792154
0.971416664803824 2.34949365866375
3.6043437621908 4.77789153524547
3.32193870788662 -3.92419994726048
1.17227875086265 -3.20386765653294
-6.61150221941636 -1.77503394749405
4.37822721777135 -0.37625439017967
2.19817946930314 -0.872662143147296
0.591127614198704 3.4923779600601
-4.94757973534319 0.447052583650913
4.99696276511423 -2.06945244212487
3.96386020516153 1.44990190796244
-3.40093619987923 2.4722923833167
0.0769435918020659 -0.862192039853791
-3.37580488954094 4.55558720331449
-0.826150145076148 -2.18404021136375
-1.27242731886958 -1.62995327194345
-5.1771233666697 -1.7082783815398
0.79121284877609 -1.7804544162132
-3.6510619220944 -4.1920680816371
-2.79064672149863 -1.69698635253148
-5.25033122718149 -5.64690127733494
-6.22292334534123 -3.63991722262326
-0.177241180545828 1.4816465046812
0.928912901974796 -0.133210974482126
3.46444538452017 2.34814808443785
-0.750154142494256 -4.22089531746423
3.01081628983477 -4.18800111413356
-4.04289011895643 1.91847236345396
5.22021490835266 0.24281456815468
-3.62912977184551 1.91251050470938
-1.60140659802229 0.423053764183349
-2.53615020024691 -5.67635772039999
-4.90412600161595 1.09801726332417
1.56099888397966 -0.358964834400024
3.37017497173755 -2.79146490440395
0.557792732178894 4.99149418071077
-2.11509511762798 -0.49328260038405
-1.04663447514853 6.26223023212054
-5.05124553343035 -3.6122033229245
-4.05348174186428 2.30602704569179
5.12752981882952 -0.568689967375052
-1.37367562758479 5.79844948531362
-5.26034992012608 2.30700533817803
-4.51836571095745 0.759618604845716
1.15213255137781 -4.43067112770086
-2.45036087724646 -1.983790655605
-4.47493384125479 -3.75592742383593
0.69659068449615 4.50344587837941
-2.27211553740558 4.20685740354899
-0.751041476101212 -1.57057338612814
-4.52798802964834 -0.355086139875717
3.87229542134902 1.96582789462453
-1.84517532998537 -3.83061355388592
-0.780891875940858 4.4098317920837
-0.345750493324265 -1.65556045298139
1.43103254090632 4.20172007010896
1.8706382149802 0.873898675274047
-1.37650273992332 3.47173609152427
0.592442152801707 -6.92222106099818
2.0043599538528 0.103066539600289
1.83837499531854 5.69678161645954
-1.92927166487797 -6.19595640350585
3.50593147626568 -0.476568573764351
3.04832691511106 -6.22806197561187
-1.08166219348013 4.23615337139053
1.04764237213648 -2.3345633660682
2.4249368790639 0.564807678219803
2.48312524628797 4.39751927661524
3.05203609018272 2.94368797980823
0.960158480302896 1.29533746245008
3.19218995964193 -0.843074375385899
2.3989084230144 -3.24316338556116
2.9143009495051 -0.64559580850793
5.76546887405172 2.88239809912708
2.11929914012241 0.832542618690531
-2.6336696806267 2.68644294081678
-3.61334046499905 1.23343161131032
-0.920213325100483 -3.19389136561891
4.00394196817996 -2.48880558687519
1.726630806851 0.783164667245998
-2.78180122441363 0.932106294717676
-0.310333379629609 3.20617871483498
-7.13980670577054 2.40424166055224
-0.0846810524180131 0.841390166468836
0.480325492743969 0.576158548747486
-0.338394650956779 0.933636695813941
-2.88667911872284 -3.66150934322018
-0.287425772740086 1.70797395056815
-1.34387180904929 1.41421515261093
0.599793798200933 2.7795408875132
-3.22237723915082 -2.07297835695013
-2.07076355944471 1.97834135698638
4.29245592630716 -1.56760482752198
-2.90595896298687 2.67915515542305
0.883711920280276 -1.50234675000667
6.18750477439732 3.23772786250357
1.51764921572296 2.82989420019346
-2.50790320368293 1.31194180118937
1.83058410161633 1.71380503864341
-0.13772905959576 3.15095481468618
-4.93688356739944 -3.04281766323066
3.50362570651619 2.58836045911154
2.56463228609752 -2.02367183662243
2.68060435641617 -0.764502858425486
5.31474966389417 -0.643925111930141
-3.27285627350925 -3.92223492074781
-0.273049189732754 2.21673466869602
0.749017631395405 0.868365985330466
1.55599316515363 1.87249911395881
-1.36332475384872 -1.0167431109802
-2.16884313221063 -1.28303990332647
2.77624880281859 4.52063839237847
1.91161679200972 -1.98731013842426
-3.10468064558905 0.0794133604193423
0.14513746198632 -0.0229569661444652
-2.45514098288588 -2.33317101889015
-2.62302391115238 -0.51731901599312
1.35241974704716 -3.09374497551865
4.52249375029991 0.571046123121136
-0.831921370916024 1.26068513856037
-0.890761015672302 -9.24423468961491
3.29590853784631 1.10521158684367
3.16664621127791 -1.68568372054083
0.061879927819097 -2.23191135407323
1.45720140384268 -1.67797177655786
-5.15900850589366 7.42729139806249
-0.75521652756564 -1.10634292021482
-0.846949831290452 1.70423828148935
0.715063216769492 -0.834566904346534
2.29412668139143 -0.559699765743464
1.02269383350022 3.46848183869966
-3.8572254173082 -2.6041837624715
-6.22665472156187 0.686264026598528
-3.45395677632553 -0.629837831388803
-3.86623994579503 2.79889385377133
1.26648203802193 -0.299901387727636
-1.08669460717251 -4.1634180396392
0.970270706478267 -0.867971936816403
0.42439176952953 1.85092714595767
1.76949056500327 -0.11497961526717
-3.1048522480632 2.15214003253555
-0.796988041098693 0.393292261321258
-3.3341832453413 5.34835742606397
-3.93500976958816 -0.111975822088125
3.69501665954858 1.34505959182993
0.390111099058329 -2.68220917581568
0.0596187110708332 2.341387403968
0.0363509039513469 -1.91496328248375
-2.41594312180854 4.17269511236776
1.93498871341062 -1.67249708174619
1.20216164062806 -0.291631645795002
1.15448891342649 -4.31246243604719
-1.40605093818646 -0.93547132545386
0.137785091061978 -0.544975923116454
3.50850983535456 -3.15477535334539
-1.2202033901233 7.0475063145323
1.7779889552549 -3.38725624092738
2.14560348529339 2.95492584858959
-2.93628553357399 -0.225861833498694
-0.0916663249546099 0.413596055924001
-3.64344379587768 2.36136774673191
5.45909526315973 4.41684806882153
-4.68176392533694 -0.861149813475606
-3.67263346139093 -1.54593663482593
-3.01184221482042 2.84278856878908
0.150589272790518 0.883713361125558
-0.0208399381189867 -2.03017867590887
-8.11372397477369 0.0274322938245781
2.65128346457376 0.858781798498397
2.86805930259714 -0.58277359997284
-0.454528574172904 -1.62661938306729
2.25097469465044 -1.05569736117692
2.03196342083568 -1.22136788778867
2.83904885485729 2.73686632433286
2.28294686544322 -1.85281403016336
3.50791147833151 1.28396362830782
2.24774828967733 3.82909400151267
-1.09092241727665 2.60569012245657
3.0436904397295 3.87862891761119
5.11666155981282 -3.20111286794572
-4.89948554524459 -5.75295494209801
1.7751630423596 -0.10048105506043
-0.786608683220597 -3.53978694155845
-3.73529120004379 4.31296349088267
1.56625343799778 2.25715550888476
0.978424158165262 1.99095263082353
-0.0917978351547645 1.94264592202806
-3.5413462055036 1.35377155362982
1.3154735855926 0.896224377941525
2.73950459983427 -1.95835629741661
-3.47184081670911 2.37316251724698
-2.22198550493609 -0.820546895375027
-5.64787722764223 2.57043454264234
-1.94464476106219 -1.4162331201441
-0.0560991244645548 2.98427809049635
0.108462234777804 -0.86671552986993
-0.506535250369476 3.09132320477976
2.57612299194323 -1.67790028994445
-8.88548491467657 0.452688294220746
-1.35628916436201 -1.49399540998992
0.652247376688076 -1.10175336650072
-2.80530543335527 2.00071211239899
1.77158090341648 -5.53632669567652
-0.861654895793094 -0.595550809465137
0.630930486363166 0.807808500728032
3.34118456568117 5.63766962720601
0.253464580117781 2.6350637617932
3.84590105668687 2.45711502940023
2.54465427861137 -1.73805836150201
-0.563504801756226 -0.4703899120597
-2.35727478955945 -1.40095913797369
4.58093207590325 1.63156840418561
1.67534077704621 5.20068404095119
0.653518168264385 1.41161560282401
-2.71632637342531 3.37478165201809
-5.23576311310724 1.47851600101338
-2.80549750260772 -3.25380797648508
-1.5849913846195 -4.46955736745755
-0.816103056813271 3.51075614818615
1.28448303480033 2.67313851674252
1.04768455137159 6.18922196258195
1.59303232838409 -0.773943824493627
1.48850911466471 0.650881637130465
-3.31980415343562 0.227673103677349
-0.890457775778673 3.59649931734683
-3.63390483265319 -5.13397202595864
3.29766837365039 1.08164620783635
2.72067425538356 0.486897531859354
0.644078068256031 2.07758779816708
-5.00916187007555 1.66466316769464
3.91265521936942 -3.1369456074713
2.99177389133551 5.49517158924379
-1.42797825480774 3.17017563759236
-0.269007356845671 -1.63605362150577
2.89135286952445 -1.22519247764823
-0.442038690719353 -3.5584150969106
-2.3903374010318 -0.973027697658545
1.69577993246354 1.35254887886654
0.804942454465345 -5.26853781128494
-1.4726923768595 1.26679399832475
2.0663160659203 0.512992025484261
0.0153944969677395 -1.98388851150546
-2.21383292482221 -1.3419708655358
-3.05538112010169 -1.07773111709612
3.36936969190043 1.53086940221831
4.61852445016703 0.0533152196375924
-0.645828013242277 -1.38251471113521
1.02088938734347 -1.67631200506341
-3.12014026921917 4.17664725018313
0.014013214624434 -7.69212645058643
-3.5224672392783 -2.38453245154647
-3.70936305326745 4.87364893750995
-0.660004908441693 0.954461324119563
-3.17837361850362 -5.22230425273437
0.630881143452323 -3.6529696079392
0.56859211560051 2.42926178897129
2.10433730780216 -1.67585848555361
-1.30450577419053 3.52953499878246
0.811859682664987 0.227643131961999
2.70982359340896 -0.547241726559382
2.19008811987806 -0.860243739162364
-2.95432698818202 2.96247979107863
2.60201781636835 -2.81337927665672
-1.07282856682365 -0.341093232944373
-2.01311970648198 -2.03580744185165
-3.76055029939237 2.12689005529162
-4.83217449024087 3.60248206785566
1.26290270068185 5.17501384031774
-1.36144106117655 -0.588925203104847
2.10619747209986 2.65083666291921
-2.36957181591994 2.87235197377334
0.0854447026751517 -0.123292374513333
0.0951041572641312 2.49591081219837
1.71427195348302 -0.413269116969926
4.32158541230005 5.25452086806569
0.464630992999544 3.62680291755811
-2.42493650028746 -4.45698152988217
-5.01676260975851 0.163639475118473
4.75417754542748 7.39330234005792
1.76850087277684 -0.863066089485288
0.631757072753918 -0.825097020363189
-0.984746577777009 -2.82762349468626
-2.17092121963917 -0.014400449525163
2.09535717744821 0.645534614486793
-4.48971929770222 1.29062949349274
0.46743450465781 0.137096487548174
-0.933369833645172 -1.47775847495191
2.35961378234093 -3.10523784148009
2.73137082569829 -0.75622914888424
-1.35813882093573 4.55100510096898
1.07378129239794 0.789569179310185
2.0955503037133 -9.20483498181849
-2.62362888890448 -3.96836550203488
-0.360424720888582 1.72427426901756
3.46612702008415 1.17350319633794
-6.54042972446045 -1.4320127989812
-1.36740564622799 2.66489478270987
0.865806532981979 5.82815425362421
1.64779687540282 0.192682302644035
4.93233618925888 4.30069173564307
-4.23428947551854 5.27451345572288
3.93448964190347 5.90749135656826
-1.35498828053373 -1.00617846177135
-1.80615643174631 4.3576613265644
5.16475884005631 9.27468929296017
-4.63635014420908 -0.126504855476055
-1.89814571464363 -2.35205967262935
0.742498462211113 -2.80822843597166
0.697856213100725 1.69679286756027
2.16711703556412 3.63932483459088
-1.98623764678088 0.777346216774578
-0.563598214296926 5.63419313017403
1.82816983094208 3.27043684305905
-0.98063903093131 0.323183952030312
3.93341733758503 1.47797105490676
4.65960543473105 -3.20454075707036
-0.165113015037478 2.2739201194647
1.06922555961919 -2.15134154088096
-5.04925542095906 -2.86235769183137
1.74285009458153 -0.439334436877214
1.65442119352959 1.33027794325048
-0.544990275188259 -2.82519782794602
2.55620342216588 -2.70613740028513
-0.31273916671964 3.68542139914674
0.722641983616673 0.869785576114513
2.39578692202316 2.39298692451513
-3.01539459857715 2.29669053691328
3.26229978129455 1.11182620175108
4.66963780846434 -4.00452113591565
-0.331327378628452 -1.88712105880913
-0.992583477524702 -1.80173734515145
3.51626816249604 -1.96807897929595
-1.15418775038298 -1.12285772219589
-1.73709723445882 -4.52546590969211
-0.264195701065071 -2.62038095256711
-2.69899250170273 2.18157149485889
-3.54840973696109 -0.585651805926866
0.220934487728865 1.97302872953796
-3.65026313545447 -6.70967930839229
1.20019726566894 2.60149642596133
-3.77264340650954 1.12250197218736
-0.687186275280164 -5.10828617559396
-5.1971757189194 0.360453154805328
1.96282731215405 0.271681346222209
2.54955431227079 3.41997028575092
-0.833718182302814 1.24344075701361
-5.74333994919399 1.9833930103146
3.60361127176695 0.760061808866036
-3.67594701644969 -1.0676650579624
1.49233786068963 2.68836336028632
-1.21972531905069 1.72152488396401
-3.23123122797721 4.70632550118663
-2.20944529744036 -0.495584865571142
-0.592285787215337 -0.403105060772727
0.667188251455617 1.27683940007514
-2.49675648980519 -1.94203243416274
2.94576709636258 -4.27371805272852
4.42845548802395 -3.16152303349722
-2.73465586322855 1.41638338628003
0.619704874870257 0.0299110364282653
1.45593651001254 -1.30719596865257
-5.69919367074047 4.6803087829671
2.42976247131998 2.76523911901256
-5.17146467578646 4.55326105486172
4.78422607585497 3.19153452917531
-2.67369357674688 2.15467966992175
4.73493045361229 0.407120147843407
1.13696156370652 2.23607149228584
1.64892444310117 -1.45394840525102
2.13072131600831 0.618455130450299
-1.84829310775462 5.84520822395727
4.21132875360537 4.4315346929685
-4.83410880143848 1.64070480379341
0.767229984342931 -4.64213964812391
3.87806616194037 -0.988972396684235
1.09568253483894 3.22437602436722
-4.53672766008079 4.11500211254525
-4.71027088870229 1.88580104675241
4.65333475438708 -4.93462025056416
4.79113863373266 0.435397215600846
3.59627641195774 -5.21436150277942
2.73160594257627 0.946182772669406
6.52792997163027 2.81280810663812
-2.81286857905848 0.347879923783345
2.49802929435525 -1.50605889040436
-2.99976485931619 -0.14871524648665
1.01187232048113 -0.556681417036905
-1.4022133966652 0.625675077033845
-5.50371402175161 -1.29011009949698
4.12654216671352 -4.38547883693461
-2.25212965780647 -2.2177193365335
0.888016594826062 0.0612088938183874
1.93635753030601 0.343294712500069
-2.22316193392262 0.290002815894932
0.0155756156354012 -0.486645400894865
2.19698724234378 -0.599505108856792
0.175711782421847 -2.22171485110487
-0.884977306903904 1.24156459800987
-1.46558639620611 -1.95930341741821
1.06626550163553 0.175498295205909
-3.10491793419557 -2.76371933549295
-4.73063030844356 -2.31467094698039
0.34078980105621 -0.362784613317344
6.14066278735293 -5.05917848994441
3.10352209732983 -4.96712030047022
3.86762149523618 0.0417536879002011
-0.214780252045109 -4.38080942814151
-0.129246716537875 1.82495289311488
-1.71986762445325 -4.30807235259231
-3.03970833533725 -0.509492893612397
2.03511825261062 -1.60703460232754
2.58347928483542 -1.34701149547786
1.34112721135794 -0.374290681448146
-2.93497461333907 -3.75228692978438
-0.551626984197022 -1.46372323279521
0.197295966722274 3.00809175387957
-2.95981534552051 4.69512317576632
-1.57710842271023 1.31741090037218
-1.87908387734216 3.22840848571509
-3.93466725767389 1.95731420305676
3.38605992151329 -2.46327331779781
-0.472931806888272 3.3579619780566
-0.0535711647267949 4.8666769428486
-0.151479180635879 -2.36627824952686
-3.2438591567234 -0.721055344628788
-7.43709832164232 1.48679332005413
-4.80558504024067 0.539725757704291
-7.86345360220721 -5.74672474038313
4.06876951945498 -6.81797847617636
-1.30996556627719 3.31942041502667
-3.29581010875745 4.55818057879035
-2.71062868114979 6.42815905864387
2.77107411870748 0.649352958589964
-2.17443780047816 -1.486897843105
4.67282010617212 -6.2318125497713
-5.13138811635678 3.65585258046492
-2.45252030422855 -2.52527908731128
2.02255444210223 4.22686990465629
6.21325061609363 -0.636268490206684
-0.420484155151336 4.63504571514809
-2.23868448348694 3.62601929026616
-1.13705735297011 -4.16422713397588
-2.85024231792299 -1.33895238198116
3.61499086240864 1.53862198836507
0.4187366770459 -0.92354157874536
-6.69078107677875 -0.596804527145531
1.2592208758902 -3.42202727639202
-2.16160798217837 -0.655770010377915
-3.02734313646578 -0.760378354574396
-4.64101527931336 -4.31491842446896
-2.42386249872235 -0.694719619816596
1.63381660371196 -4.3667215318313
4.91351917787281 4.94380244648633
5.81990169951725 -1.85078779470719
3.4257780509204 -4.15599213222239
0.166656241962375 2.15036929944417
-3.44071143859682 -3.03569641704737
-0.327650366118385 0.433109865467076
-6.37002703150544 0.803521235895995
0.113015752382171 -0.710020600753358
-2.38521723905009 1.34210060738778
2.06200434710363 -7.76414333440125
1.74519251259885 2.54193304422403
-2.58763011598867 -0.52042738364847
0.0881724221373088 3.46399746816039
3.78480095406074 6.40287579692343
6.548551599228 -1.17129591791087
5.07321165132107 -0.869893546995353
-3.39329293597563 0.772595347781269
3.62628459906634 -6.66488404591384
0.562305493261599 4.0856232095318
2.81992795280725 1.44721514207929
-0.924588554598457 2.63078364508844
0.281266893696517 2.11956158811151
-0.93149056243356 -2.0549134507064
1.73793580134559 -5.5679382176579
-1.59246484751147 -0.708684990248851
-3.23061946106318 -4.12452443889859
-2.92707724524486 4.10310868890856
1.85938554888219 3.4734903629798
-1.12194787952903 0.758190687677357
3.04656005505034 4.99118960877189
-5.37931574158871 1.90540569034007
2.80303540937584 1.56195442646417
-2.72060307556028 -1.98129950550447
-4.22337422886281 -3.6268596815592
1.16700930915317 2.93221532915311
3.53976119138697 5.59631165904057
0.193818591759851 3.504523696473
0.0748024497252735 -2.57386394874167
-0.834749792320438 -5.3780071625399
5.37845136329658 0.550892470978271
-1.49298872145486 -5.83717412808415
-2.88534150540195 5.15263237958098
-3.04749824325116 -1.02155719796029
-1.09195416869751 2.6450078444864
2.06958231103349 -0.485084527005582
2.74014628793614 -1.89459260075859
-0.591258860016612 0.872343688532321
0.887546302306742 2.71169447495186
-1.55889366179479 -1.34332156541201
-3.47045859424395 0.93029640486958
1.49525631437079 -1.55185698674987
0.84425155085551 -0.023594039293302
1.59052414822412 1.07469241742699
0.935138379635309 -1.13304245511185
0.380997638046749 0.390777123528523
-1.55328486093407 1.89808233758472
4.20892149554014 1.77994267740389
-0.923922630367583 -4.08929422797169
4.57343589610704 -7.23498637079441
5.42255488851283 0.646436261228264
2.98173720860596 0.474484963883682
-5.69864553820733 2.81631445348476
5.89050009684539 -4.73356634110544
1.77071011882472 -0.982327213097045
-0.238600850850821 -0.242548323273649
-5.42976750323056 -5.63397412084214
3.20559836922612 -1.83308863430152
1.076211296339 -2.41629741590228
-2.18812384072854 1.91056574012837
3.00585644132784 -2.02691361572857
-3.68266235402841 1.55648327307503
-4.31141898464778 0.82829018618102
2.56794278954808 -2.26114915162662
3.0279177724004 -0.398772633760299
-1.94379635157624 -5.90451148345765
0.723963337674657 -0.379070821540799
-1.27861845469254 -5.10098618746922
-1.44315354762229 -0.176149482323893
-3.67743264185806 1.48394458064977
5.62016697038911 -0.952539970396408
-0.0853150918363593 -2.41889113911092
-0.35128211507394 0.0456137564670054
0.460602367655146 -2.974177383661
3.83206501529358 0.145128720180488
1.33222054856225 0.254716238689942
0.689914943744646 -2.25550967244147
1.81415850343075 0.0261463989473626
4.03375988029975 0.24934442172575
-0.346932423713318 -4.74711460811462
-3.7150255453347 -0.544673954784668
0.920595956428373 -0.456709652516596
0.600250715068754 4.76091187962792
-1.57779085107694 4.20387509654423
-3.42057476603611 -5.35158858981294
-0.533217177751856 -3.90714433109626
4.34482669196453 -4.57768045245127
-1.11493890337455 5.9909317954864
5.53250362469186 0.992585673514689
-0.161224714104934 -0.673294826610947
-0.998803497771132 -4.22097664129972
-5.11149689669534 0.273142179234642
1.84459752901389 0.188120292994243
-6.98343610163317 -7.11046322777108
-4.37553405084355 -1.28792497086981
-0.995115445550724 6.33730396397444
1.07200020439196 2.47301118215045
0.0321166553179042 -0.827633783572573
0.847798370564912 -0.541486145406538
1.67687996165965 -2.88909453384242
0.675894903429953 -0.197230649598111
-4.70331812009951 2.65364795405619
-2.50159092643766 -4.49052144823454
2.94614240322335 -2.58362736433828
-0.534885538319298 4.35041559194645
-0.416885953456076 -0.45100657857658
1.70647903327686 -2.98663630796421
-3.57912416860877 -3.70547224469879
-3.97499022734782 1.07745173658503
-6.81920091557878 2.27530794126801
-6.38046883928482 1.84965135795623
-1.81894796699261 1.3617150443858
1.9574634291659 -1.89890111220571
0.306855115916149 -2.47454779643137
2.35181508183334 -0.32755162759549
-1.54654694461696 -2.77318860816627
-6.36240912438126 -2.58202862639883
0.771667838932003 -2.74384423751253
1.90468357582299 -0.565971527699418
1.12382405509556 -0.903746663602301
1.95385760529669 -2.75388686531172
-0.571793502531119 -0.448492446024319
-2.03555943692661 2.47174728340583
1.81924930651052 2.91972074693451
1.0228247523256 1.87684966021751
1.86145558755775 -1.44466636210491
3.92870529768844 -0.625874383230722
-3.444242343549 4.04963292445325
-0.799176089093255 -2.9768693585012
-1.57730544844709 0.145821351623649
0.328657256864726 0.566360736382485
1.1308767018924 0.332648727459511
-0.108193027082609 -0.210952966616537
-3.8320681275595 3.9064710804646
0.71947625611699 2.7109784061665
-5.08892985280187 -0.628833975702713
-1.43334431756193 -5.98414761619788
3.13128590748698 -7.8168315677372
-1.04485689345961 -0.780063325301279
-1.66510577272186 -5.88322947917152
1.65424780632235 -4.72920452769149
1.84839718782276 2.02540383403852
-0.776894236100848 2.97348257901973
-5.37055025358597 3.16686434440402
-0.390825131605735 2.16064294406809
0.0792381081229884 -0.693534812942619
1.82128200102789 2.5683702553021
1.52617329304295 -0.874221359176612
-1.27035143351294 0.0805821542379655
-3.55925975101241 4.28279253311181
-1.85647363414349 -5.68412803213909
0.133845826985268 -3.4309320899874
-1.47520464159391 -2.62414833960956
-4.8760128984243 1.49229398049663
0.646848849006861 -5.43140316482573
-1.00035964644445 -1.68844504808451
-4.11779051571751 3.05751409951222
-2.73507693248677 2.99551178752664
-3.63740774051342 -2.44720393120723
1.72746310765569 -2.27751014362845
-0.065178042483578 -2.62881893626813
-4.42495630199647 1.54228242357514
-0.896590404911746 1.05513991552069
0.686918886928524 -3.96607429892304
1.51722929350367 1.49306257407212
-0.721129881922071 4.28173241821829
1.85563008014287 -1.30596887850966
2.24514486772807 -1.29924494091666
-7.80999121290738 -2.41761796308834
7.11077597352956 -0.723255359749559
-2.11593480425195 -1.73661785346953
5.06933541193126 2.18263443961307
1.52589715244633 0.143195573203896
0.940268429167424 3.72223657535864
-4.29301807072668 0.374998787116192
1.80819431543869 -0.617344490582775
-0.689703069572385 1.25176507319819
-1.36859646520915 -1.02713555565406
0.353428608252565 -4.4208740370864
-1.90016375011484 -2.49981727444363
1.43996309009106 -2.47892583766659
-0.419510541247486 -2.17968858174829
-3.52674830234488 2.27401736395182
-4.50350460638574 -1.65636824808488
0.0551899954436784 4.47790076463254
0.811318698317878 -1.86241984896776
-1.01663447417808 1.61228885541743
0.608224443098088 -8.30422957790192
0.933206548642733 -1.27254973095542
-4.60342896766397 0.619430636952194
-2.14862105097049 -0.476449097484576
1.5914409163194 -0.893901070901965
1.74436016568951 1.59386415885787
-1.82549455118013 -0.971270962260858
-2.4005375743733 2.86622576387963
1.57773242984751 0.598093114415315
-3.18039778760327 -1.46672616481698
-2.03138971678948 0.975641668069517
2.33453439630927 1.87662088218294
-1.41555084462664 3.62461285505076
0.776705428161955 2.45127214673511
0.186725429605085 1.48872389813591
-4.49879457533742 -0.517003119105896
-0.9679883046718 3.02977759747722
0.500162915346501 -1.9587231997534
0.585807831083838 -0.608412180503491
0.420073699248953 1.36387267565967
-3.13015021695051 -7.71829790316373
-0.476252785883304 1.57516403651794
5.63854042113074 -4.13858058410359
-0.0482896318656151 1.00397026233486
2.25023948672249 1.40052172166469
0.703810977877867 0.0405054558218873
-0.284249101860904 4.3115214763381
-4.2824364228797 2.82303996905169
-1.5097153240537 -2.46048202298044
3.87540296520371 -0.745085190974029
0.613149319512628 -4.56682738777149
1.2610596461443 -1.45831980962221
3.37445273173337 -0.82980311793331
0.710910952143919 -1.54804172503124
-7.50156209535294 -1.36497321715221
-3.67325438516059 -2.23069102405849
-6.03805642821103 -1.75818849974255
0.0130946414209368 -2.89527588762801
-0.469353561971258 -0.248962492569359
1.27108435073773 -0.673758282541229
4.65366067726471 5.1169532541717
-3.47999004811969 1.93984625788364
2.32051178023235 -4.87909411676724
-0.926722549794686 0.67205007648529
-1.18049542569516 1.54285525345812
-3.44084083183713 -4.66640802110538
-1.3603048594036 1.95331392847152
0.646216902719644 -2.76145577604498
1.61885807687963 0.321221939879551
-2.1295827277296 0.255670343829937
-2.88487964299655 2.13632660342513
1.134496998116 -0.193446676518737
4.36157126834029 -0.638614259152256
4.95022456704338 3.24406835514689
2.90401561383258 1.37299934055269
1.78288947650558 0.868027820750996
-3.24732048488171 0.761743238608878
0.23066703343828 -0.244441557358752
-3.00326363635053 4.67397785838702
-3.46846168579365 5.06100660879329
-8.78515123096346 -0.422085622687416
0.441145571055731 -0.828904425785626
-4.23870768181414 -0.146868677277926
-1.59150285595463 0.675117108194428
-0.177342186133582 -5.41254961916416
2.27726669218748 1.24381007479178
1.09230733759254 0.569743949527606
0.479076094835025 6.921926203842
-1.5929248953367 3.47299370581798
4.57007168464469 0.942510172605683
0.797187613040838 -0.507724796317898
-3.03310939618023 -2.60528533668654
-0.091607846100436 2.33205415256031
-0.752714711094649 1.10587130509812
2.55728628597786 -0.342313410177543
3.08508387648908 -1.85742471087839
-4.81550029704923 2.71007694117131
-2.28563568810248 -3.66868247295079
5.86134330928419 1.13473227413342
0.618617205345313 -0.911088609509129
-7.18082341562586 -0.585999359641958
-2.48746578234679 0.602655682027593
-0.0952342200101262 2.59405993407638
-0.0296977136932993 5.68048779349591
-0.851392102618205 -2.30676954223523
-0.907707569260558 -0.38287422673704
-0.225884372735327 -2.05223473655979
-0.390652866483548 -2.40232980522323
-8.47359692235185 4.13149980748295
0.89135031556177 3.77645214756523
1.36821534920108 1.43882616048146
3.10302394350594 -6.55420189658721
1.07694214824425 3.79986948246413
0.901881524338927 0.0316122232349401
-1.53860439460117 0.729836586612334
-4.44795448782522 0.923737288757813
2.43443098733662 -4.801938833859
3.08566597692073 -0.712780990592965
2.51124527276715 -1.32136789017347
3.58121385763721 -2.99086383737801
-2.55241954399189 0.888954149892509
-0.750213917149822 4.86596292676993
-0.229777740605946 3.22524884564497
3.11388827837491 2.88980025645307
3.46821297662152 -0.094503983404099
2.03502995925256 3.59636495359351
3.41991344827784 0.305736814950971
-0.989089146889852 -4.07471471335363
0.609361968571428 -2.52610795333059
2.38058123432193 3.05358280963288
1.20799869739661 2.63526782797172
1.78490854264406 -1.2480248751754
-0.919519529102261 1.90871352270605
1.77999980957377 4.86638951993444
0.0834804136408671 -4.30198731573563
-3.94560002176033 -3.05937033181563
-0.0493193857264879 1.85865582996819
-0.52541074445478 1.63988906200418
-1.66103907975747 -6.7871079268475
-5.85228707300096 -0.21492168116686
2.27183979203862 1.46823493358619
-1.52870950865603 1.20616181381277
-1.55114259783598 -1.54863808552072
-2.19465374472364 -0.768427887945441
1.11272264305746 1.83507530942049
-0.995310048225213 1.28806065895799
4.37945480739142 -0.00868924837900752
2.60270887052938 0.714832088205549
-3.11202865269645 -0.0529973181396649
1.35005211442912 3.14069174926275
1.01021928274763 5.57500016656952
-2.72126523159708 0.667929380712238
-1.21403939084347 4.52672586580861
4.30702036669834 2.87860863915852
3.72059094556765 1.36261991260286
-3.61285408142005 2.37075880830218
-0.595238413409181 1.49366967929878
-0.846949236434893 -0.822962944090966
-1.12162360299126 -4.60262961997982
1.42816450737393 -1.39880298667303
-6.0047311169428 -2.21129885353405
3.94763155289812 -0.0415752622885965
-2.61050061859911 0.160596672893643
2.8917296034194 4.13735187645518
2.85624293662895 6.32459995910806
1.32008804264144 3.27592188973985
-1.70234740066533 -2.26608718277692
-0.284016523183924 5.53231526699597
2.39070539441799 -0.778906795534256
-2.74678690099159 3.0646207047429
-0.297504814314947 3.02441685766418
-0.640012235325847 -0.994382472422624
6.32739807374202 0.602142234837048
2.03322121463801 3.23705416518711
0.662323385050061 -2.55286023549426
-3.93909738622963 -1.59596674283912
2.66445871488513 -1.09867585500378
0.0200202895937239 0.344359397796073
-0.19930181534864 1.04145203419072
2.82958848118835 -5.37562866111252
-3.43755570669955 1.83725412172703
-0.36799879034659 1.36446797794256
-1.77393687798673 0.848900893972345
2.44962260762991 -0.442305439962141
-0.443142177705849 -0.418383423946096
-1.90817516014035 1.75348093951739
-0.0312292371399695 -4.96023934308996
-3.63712197124397 0.690011456693618
-5.2662658583101 -1.27201318109959
