x1 x2
1.08327583996801 14.173438184211
11.3166822364057 -1.23657119311115
6.79110104939219 0.313174374776561
-0.58705717362573 -5.72993953425489
6.92993539662013 -1.87907079137049
10.7366758968136 -2.46061646309644
9.38217752337202 -0.977025150442031
13.2241530340696 0.320791516483421
2.59402396304747 -5.24078665226488
7.6723653575159 10.060446330534
0.231744883708734 -6.73068013726664
-1.52502523608802 4.25935103513751
-2.40156246159007 -6.17706401663976
8.26962616259851 -1.52558539444582
8.97579546495403 0.100396868629554
8.58319327495133 3.60451151276376
-0.0236189002036539 12.327265338732
8.41195775323433 2.70962934041792
11.5571887815437 -0.652122247584911
11.7689492340345 1.44508247023567
-0.0118886644987871 -4.89813588213595
8.0667011883586 -2.43223314665535
7.78752136547331 1.07129427833901
-0.755466578400363 3.78567795364581
1.2498227157995 17.2566669000754
9.7484271261656 10.3342465519923
-2.81570670569004 17.0693060167661
-1.58529926843233 19.5228604673868
0.0631342873904991 10.4804702923792
3.77111281828276 14.4444445711409
-0.353232928828901 13.8578425035427
12.0399519725595 8.32200697833491
-3.1879747994616 19.9731289421596
0.34323280908807 18.3086076360209
4.50757736161234 17.600112900445
-2.28746919149907 -3.87079315745282
0.0605159265336795 15.2099592494577
0.614802033098378 6.45796761601603
10.8507479601919 8.45489045932734
1.98310381523387 19.7648433423878
8.90106219214112 0.989119596119014
1.48145727406725 -6.8278280113736
1.43782874757131 12.7702653277346
-3.4666054642974 -8.5723992668175
0.931384992469344 14.7870537637636
7.07455150036828 10.6584046224671
7.47503932223256 9.72391940468852
-4.16853337088321 24.3916684096382
-0.164933669156582 2.96449062898662
-1.56480324026755 -5.34755656504561
4.61977040581136 15.2900188432853
9.72960309328001 10.0598874326776
1.39669327430324 2.90131360088117
-0.880353006828079 19.3792914813102
9.52612002164048 4.22101111568661
-1.39432396972607 -6.15261302222477
0.139099194903328 11.3566156632596
9.58015802304537 -2.134085869902
10.2224878943171 10.6368369256404
2.22775737224726 -2.98414899744794
-2.05369416933881 1.23641887925945
-5.84216128789371 -8.23205908085401
8.85369650764812 -3.47745535132943
6.10319771202074 16.9653896280005
10.4427478737292 0.336166927270402
3.48353786336384 5.61126506317733
-1.46140046208373 1.29037212656853
9.75518547194049 2.30445852998643
2.2158277177541 16.2973736515704
11.4005502330536 -4.34286513839978
8.18914883059102 8.43111291206593
7.58129297458654 9.88187544197167
11.3537727906488 -1.47683472129404
-3.63674764202393 12.6049994099231
8.11089000101707 -3.38070478334553
1.32589291401488 -3.62165149113087
11.9568846743604 -4.30935864002594
9.41095519481656 -0.23714493200251
1.3204475138257 12.3826944270071
4.4392604756988 -1.26379672691553
4.21450400379483 7.24162878466745
5.84233475229136 12.2181967128491
7.61591945354712 -3.28914572925187
2.11413813925291 14.8188048653258
-3.91205910870673 3.41368086714025
6.17015593123841 -1.1852914740895
0.586806978148184 15.0785083145613
8.36969898343177 -0.129648974731841
3.00324208494252 5.92100963137904
4.21176343986215 15.7823912808061
1.24021497086664 7.07868982289494
7.37634530735657 -0.604406324189559
-1.20220152453848 -4.18879758581127
0.4873658619062 8.29144354129191
0.8054583740794 10.5641890250355
-1.0454534335526 15.4509077886167
2.05148086047133 5.21939926017461
6.38708973322842 10.3928733610015
10.3759698759056 9.18809468954546
12.1142833937155 0.909679100317242
11.8555868251728 -1.94647087909133
10.1127082892961 -3.39034997681599
8.98621094114237 3.26375037360534
5.98798845980249 12.4291875990748
1.63346265307228 -5.05546327482635
-2.72809092670013 17.7662615079968
-4.37622028697637 18.7999038030597
12.1645778317503 7.53090862139818
-1.92061466035597 -5.7735171540766
-1.91598452019328 6.62746526046526
5.10763375564173 -3.14709683996917
-0.202826182380982 12.3674683481962
12.0210344578277 0.968202895545552
0.175702260236286 16.6971815249252
13.5235856970856 -2.10995248428298
-6.13428684455868 -7.38439259434032
-3.91428123270155 -5.93530722837833
9.03812407679791 -3.04785347999642
2.85449339285511 -3.32736693681013
8.90075308628158 7.81700097162692
8.01615233900968 -1.98468275752704
8.27895537226971 0.645448157738336
10.1916088700446 -1.39681103091741
-1.79077627982 -5.10789824345789
11.5079795975091 0.0797680506644836
11.4528081050271 11.0525231734674
0.919195038113996 7.75809115554582
14.2731159692596 -1.3560066061074
9.93414112396035 12.4784864444549
-0.877749517281113 9.62344098828825
-2.78631366190885 -8.12853663466952
4.74121330327145 17.837423193805
1.65876081146746 -4.50134288873988
5.07793036902761 10.1087905658964
2.5143915522515 -3.66883266515326
-3.25740403974167 -8.69245716782322
3.18134202065647 15.325203336979
6.78356626381371 -0.530873887702787
-1.83497492732874 13.4372690872259
8.9364755645322 2.08675290084563
0.841003186451819 11.7769492503688
5.5827979782536 -1.12338775813302
6.47778764549232 -0.751540345799086
8.98428229472325 2.45590450181283
-0.372072170910017 19.9170975173183
2.00123319591411 -2.99340468598515
8.34546709400028 6.58558184310706
1.68579665521553 12.7131502498302
8.01343922389546 -3.1071297435296
7.71305540381409 -2.20406568703168
4.57840941232856 9.99026904467791
9.66995641445845 1.29261820250721
-0.0252985002117257 -4.57696239785836
2.38373926467925 12.0785216140537
10.3493336171002 9.72138638981142
-0.291665912740288 -5.33267907354968
-1.31649037158579 4.90736685599815
9.05067969628055 6.71642252453079
-2.09684394551943 9.31907717546875
3.13976792387463 7.46203419950994
11.3992361982778 -1.28546255570337
7.19291646856082 1.56424834480675
11.0433732036015 0.84122176761034
-3.64031130912275 -5.43953117231318
5.88407119515744 20.1614709922369
6.31826745705849 -1.38877976902164
15.0197991246912 10.5602024432425
-0.211369634190933 -7.38122811748655
8.21803794428085 0.133783030898213
-2.5869533016744 7.11990166708858
11.2273659202459 7.1891284233403
-0.271844069045992 -3.14970060850843
5.31143562997622 -1.45378028435481
10.1244085675803 1.60077634961613
3.19216771238379 12.3911316454244
-0.359292878056998 12.6650353701101
-2.41269461669866 -4.10000700776796
8.89817674273405 -4.19050201824056
7.0399849747609 -0.61860182016536
0.570270360195072 -4.2223194973906
13.819539258359 7.84998521272373
-3.512023822544 16.6063551365089
7.25461244516446 -1.01210118245779
8.66714342238975 -2.84517383444686
10.4570579717579 -2.28013145131432
2.10830059460252 12.0625642678105
-1.62585828675504 4.4259276242959
12.5124950521942 10.4921984486642
9.48504794062295 -2.49750528227602
2.79369917114343 -3.85176163031947
-4.53580642583069 14.5016735710538
10.2478005885549 -0.661838883603153
-1.77498768831018 15.712200590596
12.4726078430083 -1.34988573010575
8.63904940486153 -1.86533719378755
-1.00733748399441 -6.34607358577986
2.68407616179728 6.54199003028233
6.5929594585674 -3.70969259513227
5.82601937110426 0.250451625265813
8.82500028597103 -2.4864872412428
0.291116998712132 9.33981597959128
-6.092093525411 -10.8594174592443
9.84777769541195 1.66074059994281
10.5508603991251 -0.52076451114339
8.91177898665371 -2.58433179631194
4.41476854033338 16.1001999594444
3.11633196556246 -3.99126118890807
-0.352135337668914 -3.21819366907448
9.36194998136334 8.41116830725595
1.65227568121343 15.3677492241622
7.36184384189309 11.1008796940248
1.36330516819265 15.692319753604
7.63014961526945 1.55520399510548
11.1915204057977 0.923838502094373
-4.22257878839775 15.6230940899816
0.513282984364883 17.5747990057862
8.88258402028293 0.987616708224179
8.92414027526772 10.8567029245138
8.34038891347194 -1.04166574757259
7.0477011803242 2.96158168621209
0.147925813619899 -4.33998519411128
8.85621172737266 -1.80751072655981
10.0061319827834 0.0354399270789666
7.94237271238027 -1.85116630875234
8.6602558363876 13.0469944373164
5.96688617077073 11.1686829847468
9.68603288525776 -1.09268936986507
2.60853634747171 17.7996731814707
-2.28479626215939 -6.60900409865567
5.82998152972449 -1.63664402286292
8.5302605876252 -1.41533116759207
7.23016830872432 -1.42949072121076
8.41251973417556 -0.280807420363601
14.1146221698656 -4.10916935316386
2.11819120930692 16.3089302729907
2.82054080244295 4.22788487914757
-1.19654873240054 4.88206676708852
10.5308350084277 -0.801911802113249
-1.75509136674203 15.6139940683603
-3.87328332014841 1.13116500906522
8.62824761424162 1.8055949205771
-2.86209133079094 16.1787652145361
0.247939608072125 13.9961738659706
-1.75159853434039 11.7819056765927
9.06456360394854 -1.73035427004177
-5.21642868507685 15.1992163872201
-2.05872713224645 -5.71227572567836
-2.12213184644831 7.8297019621625
-1.72679200519242 -2.03589294186142
5.37934096097825 -1.69291325381862
-1.3036291022252 22.0452499580541
1.7932399642063 17.9399639972857
13.2687470139081 8.15751899791769
6.25239868389603 11.5721608551296
2.12355050904706 11.4848475296951
10.8837373896981 8.62639152476068
-0.146697885604536 -6.05278473841496
2.92212896674422 19.5669461835971
12.8367549600351 -1.91308412525617
1.72826707272723 16.8896283856999
6.92496114203766 1.40908931964812
14.3144038089746 0.943250292264253
10.7228099848411 3.66467284267835
0.147850641890301 -4.21255244370156
7.38709873502945 -0.760147652238685
1.07564184099317 6.87099037728789
9.18750023478796 -0.869523567180117
-1.0441756602076 15.490861494569
10.1653985167901 0.804800154198162
-3.04421396202874 10.2306222892555
9.50342897491641 -0.822746615116295
6.06726266098696 20.5637936245585
1.17373372525959 -6.02041932425739
-0.0652461723622389 -5.53696747217976
2.51495008943326 16.2517233638412
2.97741749920713 15.5177034975057
11.3569505444394 -5.07176676052818
-4.48494041485799 9.41728104394911
7.42596184123881 0.236975996786886
8.38846414671729 -1.15699970868178
6.41430415105848 9.46215033137318
9.29700156147338 0.747554151952016
1.25433578791226 21.4709916987726
-3.08699950021289 5.44939715749831
0.279111904792391 5.29264411416389
12.7351891021587 -3.97499023121744
8.54817484370377 -1.84406028256407
2.41233683215072 -5.70494533795808
-0.0930590096132928 -3.0640456244056
0.967856227343327 -4.62265836039638
1.15668232053754 4.26003815346192
3.8806273843074 8.06582702738621
11.0179895659854 0.166755950571855
11.5146248253923 -1.59259912571484
1.45840893822954 -3.85818902421988
2.91453652073425 18.9648646143151
0.309332461394904 -5.42687732071361
8.7748704642243 0.959671805832115
1.71114071729402 12.1554153997938
-0.863768999078605 5.96702992999763
3.07078462623444 9.02840027162774
3.27547404471416 17.5435149833144
2.26845917734396 7.68430736476554
5.93028825578488 9.43276793449425
1.63276160169304 -3.51946879567947
-2.43548167987339 8.40994946689782
3.27114831018421 12.9736227999135
14.4620479838284 3.3029939368394
0.0807520656426805 -6.53093552688313
11.3968707840186 -2.16473917286218
2.43319410264048 18.2343963202086
11.6035796540826 0.253890571000575
7.34708627516339 0.150708865337073
9.16078305207979 2.22144859477769
9.8282163291224 3.61842097704254
4.74728634791002 13.4418044174222
2.72837296723138 3.30606812567398
11.0371152189056 -1.53607980452624
2.53369390190522 14.4843961338925
4.91363108279201 -5.40830261366154
-1.81468117000744 2.9410128812217
-1.03066158457125 7.05338905995997
3.45742956149979 18.6557261875179
-0.983433597162751 6.62786410684856
10.7186209885045 -2.32837831821077
9.72728090801832 -0.791037605247258
7.62598878164931 -1.41061222257903
-4.12957191281668 13.234580106079
-1.90606696096274 18.1569716953381
10.6139032104192 -3.03728793181957
11.614495960186 -4.02439632316905
8.95329306152001 1.16729132923837
-1.775869501493 -4.19416481644653
9.08910330949808 -0.596808180754353
0.697108648862316 4.03526842243066
1.45203997552562 13.9329389958661
8.58634563665836 -2.32706788448192
-1.43218911703882 -4.11187568947185
2.10168468768616 12.0292402509972
0.839452489466646 5.93924729499498
-0.894147476040932 6.42287492690377
-2.98883387555928 -7.79672733255045
2.1385948181726 15.6352700750809
8.93872637034969 2.04464865514757
6.48488798694766 -1.38241487716012
11.2027675297076 -2.68741231558168
11.5151368141244 -0.843967983212224
10.9441782761861 1.28493701675958
6.98727915306175 9.82758122110004
2.33500707308312 -4.82595578729316
7.42835758026416 -1.05942215838839
1.51919635862529 18.1506004934527
1.20287504944187 -6.88969966364808
0.23890156601033 4.29665216125099
13.9637433766076 -1.67054753422124
9.47614158476188 -1.2213281952073
7.17022336736227 -1.28336596786421
8.16185123851576 0.911476879957432
9.83167078944003 0.376749469081285
4.60445413605694 -0.475238647524357
1.48075334506805 4.89894039405591
14.4262065297654 -4.6933288513752
4.87880692804624 -0.234073244475706
-0.334685730077608 17.822006610991
0.938778833222214 15.6571311394656
11.321106883241 -2.26077375709498
9.7401006029422 1.83206609279995
3.03874384568958 -0.677830678338222
-3.2900762244509 13.5654284006353
11.4545703454099 0.0881733904916028
-1.08304225608261 16.2052077476193
8.06993086199491 -2.87731462465904
0.11255771725109 14.5102840718562
3.61949395504685 10.3118598299419
2.81742633492084 15.2967684158371
9.01632942811177 7.95753724635124
0.44710753075799 -1.97855718724578
9.25283342162682 -2.67479095560508
11.7448654271067 -1.66528982942218
-2.82612597699183 -8.41890514163903
4.13108902043609 18.0466251589731
-0.20972140071141 15.6617985938435
5.35342462849939 13.6419574379187
8.70384690676918 2.98154111661188
0.153828489018927 -5.93785397092682
-0.570536343017849 15.3596346742192
9.22230498145406 11.0923421575954
-0.135552559320116 7.82888946202348
9.61936880093824 -1.2143827573446
9.5128569702539 10.5381635421844
2.31544595890698 14.0770267570518
8.2372340867264 -2.78667633507939
1.40765688574552 -3.73946132888442
-2.87810508622226 6.10837551300121
-2.91925400107178 15.9077025504143
-3.16618626604424 -8.0583543180347
15.9682878711874 12.4253302178707
8.23409924871907 10.0135366459272
-0.35621535067173 8.88927297437972
-0.0642032681975629 3.43126584228809
4.07147322415885 -1.37886965712097
-4.27859883515999 -5.77758873935563
1.02308981291197 20.2711156954111
6.7024858030253 -0.475162810611106
10.5871739619353 -0.456670591803906
1.34338381893017 17.3671060007995
-0.750995069021587 -3.97307327647154
1.55423835570574 13.3526524482947
-0.650492523406649 18.488303900821
5.79522218819716 -0.829020277856104
8.37839996316719 0.492977949999295
0.644518640516233 16.0244838814484
-0.980584136189053 -4.57137802348173
-2.92697250345469 11.6089597721982
-4.18127070386222 -7.51984757588127
0.552041180628101 -7.75988808558656
6.50489722978273 -1.74128773293271
9.85459970060345 11.5595253248645
-0.814806047485664 14.5211489629696
10.49121704113 11.5608351771208
5.10308252260988 17.458987775172
-2.71868191392276 20.8998070965056
1.87540389595317 11.7809072479613
-1.00554125170585 -6.30076175362847
5.58367699498255 -5.22011091359944
1.88291933144001 5.60678087182243
2.29415930796915 14.1182871147862
-1.66403636534412 -4.34774480749657
-7.1026076832213 9.67652484965303
7.31796372075078 3.76441785059818
11.9531022836977 -2.2418259219405
-4.75776689168202 -4.39004846145683
8.19304959278324 -0.740757266696414
9.82616689768093 0.747075531903491
6.58518307067984 -0.657156819929499
10.3463948727806 1.62006666839675
1.73113306449192 16.3535146683421
-2.20588589764335 4.18909758396518
0.780164405256503 11.3443132274806
-2.79245071168307 17.0775926315755
1.05557137794026 5.83363762462982
6.29035060730531 12.2529520500426
10.7138347525607 -2.06024059924938
11.2196121219406 -0.0111869552849078
7.2761341561031 9.38097401240126
-1.59293212835941 11.8534205130704
-0.732156793480877 17.4127539616932
0.75002637119879 19.7089265792842
-2.81796909047673 15.2998189857147
-4.07097915034288 3.79323129728594
-5.63368305077042 2.43153777863668
-1.97825634991614 5.3791021283999
2.71018093792748 -7.48813709854348
13.8260913584846 7.42123449792042
0.232857742170895 -2.70600393956986
7.93388964588059 -2.13246422141051
-5.94340712237055 18.8976053258969
-4.75889220756909 17.3324271768639
-0.835794503332389 3.46634662278785
9.8702209831653 0.945720460932282
8.21993551041392 9.64209957627338
3.73342692614132 5.19245412965513
1.17487379460497 14.0298309206351
1.01208448351152 -4.05034737076029
7.31632854684695 -2.17685147901688
1.43369063444686 5.83287760251522
1.73349841830205 -5.37116432524861
1.20939418886782 11.3303007530207
10.1817500774894 -0.277955372955514
8.36325891416807 -1.40581636805018
2.0011038265899 5.77490229998597
0.422311096934498 -6.18409542631536
-0.546780337245835 19.4655618042878
-0.547738503078695 6.10355651025582
10.7324180495646 -5.81322793980729
10.6563389190587 0.736402916505152
-0.269357512100437 11.6114314032747
7.04894206647839 10.752461894082
2.96443692585099 9.61032673837643
9.95018778057251 8.23005580557618
7.12989310924566 1.6583856728115
0.666571593864224 15.5427820337862
5.9335680528267 18.850812647909
9.21292729462119 10.3573651231325
2.56675536350632 9.80818901630673
7.21404527426277 3.14980996238427
-2.1655319560681 1.40994676574598
12.4398058328548 10.4203263619717
10.6067098339651 4.2731092028363
12.1005783945593 8.18795292693907
-3.58159617981972 17.2736385425378
13.5054594593833 -1.33773841579594
4.49258337729756 2.20131450151792
-0.44944426812669 -5.69522985351992
0.558160348389433 12.5616825877655
9.35544719302583 9.85825509183473
-2.11959224543317 -7.21354901896087
-6.53367991364074 -7.28093291659416
9.40956582903568 11.5892897312697
7.78916534246325 0.556644088852073
7.84677283673316 -0.16512782150806
-0.223434516925201 -8.11997866425268
11.292412159136 12.4163521275192
0.284679575661572 17.2472232433039
10.6069045328329 0.240033300087985
1.42686077920698 5.66607252883074
3.8927504919296 -1.99954375854174
2.90837431226143 13.4792396096235
1.53462072807213 -3.44746476561823
-0.634855355496697 -4.99892793730681
3.89570827485582 15.4168008187855
9.341391263842 -2.3752568441722
2.4329014526006 15.0127636989422
8.6593142061294 22.4915545262705
0.263049079943037 -5.09784588644266
-0.0368020661650692 20.9338566788195
13.3375545334394 -0.743235442703804
11.7158975891325 -2.21642545053295
12.010129521264 1.50872706400814
8.58658435612647 2.75174944148482
-1.10500524528708 9.1262432425671
-3.21978429904082 -5.53094273862654
2.91304392013127 15.3168460860567
0.144432361961986 2.48573198570306
-0.142217302498803 15.3840703247627
9.44467936986946 0.418241566294724
6.51580099575122 -1.55773490908005
12.1185756287089 12.6632154276229
14.5025740356796 -0.660674375606347
-2.36856438162283 -5.54456804143348
3.29634812863147 16.1478458401133
12.3763529113025 12.885994752727
9.40363524887453 7.5380627507091
9.69199659266962 11.1042997649238
7.69507514601302 -0.262315456624568
12.9303002402076 -2.80628539182934
0.671430814636162 7.19039248244322
1.66549835124416 16.6236106456859
5.36432790258679 -1.47674055653103
8.109110397839 -1.06117050663983
0.797908734224284 -3.03465994398486
3.13219901313805 4.79488586168807
11.160254511579 -2.06145217921628
6.97476485557343 10.6747580110592
1.79596357553015 8.39491726035616
3.16758133468128 1.62350177420101
-3.60085874009645 4.70379893178166
1.15513687005854 -3.83068923872231
2.8211544444371 -6.01469573289436
2.62011272785228 6.86245857839722
1.75963065411458 14.518994394375
11.5045569537218 -2.06171338093207
