x1 x2
-14.5688113504761 6.35248733863989
1.82800213062962 25.8494917481766
-2.79399187396297 19.3254658776009
5.56415319321637 4.84886485567407
2.49385017725622 22.8990354296673
-17.0348855063938 3.91858089991804
-8.09821304892762 8.6877842385868
0.970916367830922 21.2609911547913
-15.2913326529848 9.9305698861708
-10.7832569088922 11.7142753924562
-4.19107206685108 27.1027642769408
-4.13618496298689 20.962836667171
-13.9480669551366 9.71844912543179
18.348062580418 25.337589376367
-11.2040201138058 -8.89538838504447
-3.62832714116634 22.8890219665466
-10.2285273622729 12.5434717732305
-0.150911907548781 25.6632874363858
0.230631316126575 23.7590494771154
6.08928318846945 8.6076558724043
-1.84669871720163 20.6243673251943
11.5922860609569 24.1360867728793
2.77618375348103 26.1768200954768
5.67400693753499 11.0988529960979
-2.99805735757439 21.7802103719668
8.24622348248243 7.65273825414037
4.87227356130968 10.1110342287351
15.5493965354701 24.5677436076173
20.861221028554 19.6210424287982
-6.34718749476938 27.0778982601777
21.6230073553375 17.5026108450355
3.59296338643314 11.5882052275573
-6.89791153274067 -11.4133075341507
0.115777652443557 28.6454830795681
-3.98000761283615 21.764667026115
-1.25406786208561 23.7393708579537
-9.12562464026144 2.14931261981852
-13.5318211499065 9.08598788468634
8.03442448726987 7.54055549224795
4.25578337303246 2.54702053035818
13.9866775394873 23.0360006290706
4.93038673459176 3.5056053120758
4.05049498112107 8.53493676522557
-12.4871958655108 13.3350891394741
-11.9075437991279 13.3694713038442
-13.4119929577982 3.01726600944194
7.26586857988423 8.04692832292331
-0.591839290503194 22.77486495177
14.5558639481913 25.9272824494676
4.43085925139209 14.4505184460181
4.70201254584844 2.50547006679957
9.42191550406516 22.9991078096687
5.15319510116983 10.680220680408
-12.0191667541986 12.6916286496721
-6.09077386529827 -7.39286634872335
-5.53888249732151 -8.70710144553185
-5.74129444179862 -5.26867501864157
-0.238127292365225 22.8082529523097
-1.97810667853592 24.5598806062957
-1.55292204617454 21.5518747873757
4.51408052728016 8.03456220958653
11.6868421134279 21.1214752392506
-7.76226203350555 -10.2050447151469
16.1174768533557 26.8800332960828
-14.4529309068425 7.25620316543996
-0.586496549439362 24.8894460362595
-13.3268712516991 12.2252269418042
21.3238347249717 17.3722735808212
20.5635671487307 20.3149302915304
8.26881545976345 9.70599862296503
-7.93841770090324 9.67047139002594
4.04227689841088 9.14478073833526
5.21458161218846 7.01492270922509
-2.51976302253395 21.4476212791116
-5.14209767409276 -6.49911575016431
7.56249014502262 14.8312709784098
-12.7443939899074 5.94596991128171
19.6057348991287 23.0745542087562
-6.65388019761341 9.13635393283127
-9.36096483711924 -6.02051764111614
-10.4610754746496 10.2088736332201
-13.4754976081188 11.4603341868699
-10.7775652107978 12.5530058102098
14.8954780198816 21.4079724494695
-3.99522780558357 21.5712888043792
0.998348272561958 28.0164018362356
10.0952959674027 6.45268313929031
-13.5693858770591 7.98899769272239
9.72930895326312 6.34609588796448
-1.88306786889605 25.1613882015887
8.63285236267001 11.2881188069327
13.6239563384753 23.5938984726141
7.6264134776811 6.81772943117518
-13.6909383579626 10.7426979048174
-7.4753710679166 -11.5018830822092
18.2194526180467 20.0410038502967
-0.763791430031145 27.2559433062256
-17.7969580814334 10.9199801476543
15.1604238360993 23.2157282067462
2.94447172686567 9.98534336428705
5.4093751070464 4.90090206448059
9.0600103115861 6.88455805312027
10.9864617394399 20.9469348645451
-13.0250192550082 17.6544953647899
4.5033112287616 9.72997685579467
-8.00992482539643 -4.20994219030185
-13.4976161875883 8.64251528603561
3.48503842166267 21.2105135861895
-7.21331006526173 -6.97653851143164
7.83402636757014 11.5005322272771
-3.61412770953356 26.4058905191105
-9.9941091016784 10.0879522611005
0.722361424910401 24.2132089719385
-1.1742222026813 25.1366633260897
3.73481856943865 3.98586183139384
-0.723805351996632 28.2675304890721
-2.31578409337641 24.4745773357045
-11.9771571136026 11.4919128167034
-3.35249274495001 21.3535675945996
-11.9419005419434 14.7210046045001
14.9829886444031 25.5959990209752
-10.5118165988895 16.8422021906522
-0.972024804190315 23.8799378755412
-7.24836682449414 -5.37996042403908
-10.244832528446 -8.37325981057604
-12.696026077084 10.9908069902774
18.7403324727432 19.843421160527
-11.2632240809708 13.5674399290197
1.14124562355291 28.4163029507251
4.75491208128452 10.6550959439639
-0.0351167815877753 1.98060096590364
-1.75816025022123 -10.8593379443618
3.64115599467721 11.5432137743143
-4.48735341748097 20.806548543272
-6.54409094061908 -5.56133083785805
-9.40116554853073 16.3807580729279
-13.4600187215322 9.37539165405452
-17.0504838603367 7.69124989025121
1.4108259441069 20.9726022379204
-17.1327983079987 15.6314283193135
18.486706820155 22.7274432500875
-12.2927963104609 8.12129160246656
-11.406182966068 11.0600725570647
-11.6690430447429 10.6641913541641
-8.37279011847393 11.9511771567044
12.0004197787407 19.8339746601984
1.62449452108094 3.37332744840128
-5.62431116947049 -4.28191819461206
0.857404439398828 25.185023967675
2.18629173019748 25.1696269746514
22.4977995085553 22.5121545782419
13.0007595989549 22.9397524668777
5.40412481246622 5.19040310085713
-14.7254210547785 7.93010901252281
-14.8016043893755 11.3449006689805
-8.33749176746841 6.61311354772267
16.8322137481345 21.2951644602683
1.52737497962022 26.0381496331193
-2.07118640040056 23.7193949863257
-15.6630786283791 9.33011073124264
-2.45327682972049 21.9090319040456
-1.00861256519794 22.0869340578509
-3.41171273003761 20.1277892939872
19.2830084851937 24.17980727962
18.4961827985064 22.9562346141271
-3.03231545001585 27.8881198542003
0.507618780461639 26.968956622511
-7.18501095073756 -5.42350069897264
-3.9139050803315 22.7156263102679
-10.4159600947231 8.32730782568609
-13.7048120988462 9.41506967257773
-6.36325301432945 -8.8529280502183
-1.33141237364327 21.9505394309612
12.4471837889005 22.6494767709592
-13.9252907769277 7.7766646381985
-15.4873449379288 8.41142186570057
18.8540175980701 18.9747945990247
-1.62790988959795 23.4039355775885
-11.1095067974729 10.5708161091737
-3.88406725763817 25.4203711676084
-10.9030566727644 16.4392571837829
15.9895273306836 18.9432978286166
-14.4114051665411 16.0528713579079
-1.63644985444522 26.845838091135
-15.492983689541 9.17075583332517
-3.96157149817264 22.9422275996964
-7.0742474207596 12.4879995603313
18.3714517140052 23.3219467932733
15.5140361606086 20.2732809642324
-9.77603916427938 -2.27980902239876
-3.62424348195482 24.8975414402886
14.6054729654211 22.3654981238288
2.82228674864273 8.9521057310224
5.59398444503613 9.10168189879965
-1.95609774106017 20.1534357386892
18.0534021638561 23.6501578129507
-7.72552063835617 -7.24350168175304
-3.14397004916137 27.3478588751088
1.22824926060373 19.9651139587692
18.067932347357 22.4777382611047
-2.96222971710025 -5.0691472502566
-2.8862889695357 24.0773984050427
-2.74946611195788 20.531149885291
-4.68748097277162 -3.18314842972145
-11.2826612986389 11.9655884549412
-1.50992510772386 27.3167457187408
3.38215490658583 8.57611836041159
19.1937215013983 20.3486592412486
18.0056346302915 21.1501695674926
4.4009038268351 6.05264583950986
-12.8407569901954 6.25167987656967
-6.28735414847133 -3.54884750769761
0.481129312775183 -6.63331585599191
-3.17189065334696 -8.03545074959022
-9.30895749445589 12.8230747846195
-1.93181879012881 27.8258903789833
-2.75121729532174 20.7099002499091
-1.02752665936785 21.6383615587214
-13.6893059820627 8.93166331673816
-5.25680599603354 24.4081211854016
-10.5162489172575 -5.47840693919599
-10.8678150056596 7.69100040770073
23.7075642138901 20.8324861350474
4.72211418952313 10.6272526778443
3.31634553435089 3.65852937454924
1.9398097712106 6.89555527912052
17.1782106693212 19.0438456309617
-5.82315351374617 -6.562895578058
4.57262243848913 5.51970082144507
15.4306565256048 19.2853809129657
-1.37818444770391 24.7254477412332
-13.2150377631869 12.448919129838
8.47846635783683 8.51306230473995
-5.61444731687981 23.7903843905302
-7.6005120980608 -6.02011018312483
-0.602178310375486 25.7209214034793
17.7143834457318 21.4864628763192
11.3496484092776 24.0647217274422
-8.15430110920568 24.0248068469213
-3.62799468549169 20.611523378909
8.83132259047843 4.94502633032985
3.89660508106648 7.18276320128107
18.0182894632061 24.4970594271009
19.2703566152446 19.1977917598869
-3.51254671358748 25.3956809727689
-5.4815434460997 -7.12938632770932
-0.252941148333151 20.585019346333
-6.57077668515584 -8.24263052312184
22.7027399669378 21.3289181355143
-0.736919121141486 24.7229947890981
4.14393250251873 7.67954002143924
-11.8690536265931 6.06508695085725
-12.4286845374823 9.9106661033953
-2.30215476110717 20.1757913485741
13.1195908656699 20.5105420956667
15.0933781437772 21.7243551181073
3.9939909660755 9.00932322129117
-2.3919949374284 26.2976026126739
-0.800136321606252 25.4783764038584
-13.3112821789424 9.34028976166955
-11.9932226558122 7.66530056610155
2.27171343688908 27.6954226446792
16.383536679817 24.8187901903215
1.61170222497553 23.5451456156602
-16.0040922940609 15.5146466265607
14.3400924976387 19.5116039829842
-15.8133272113651 7.58515051411544
0.102983521535444 24.7902324556163
-1.50387562941435 25.5449572213896
19.3007372545464 20.6752065752074
-8.62131543319575 9.23836785675836
18.8444779524415 22.4543431229163
-2.72982259798746 25.1015855774126
-0.267484421154844 25.3670051993965
-2.62548061903808 22.8909537763606
-14.8920727301298 11.9586222423579
11.5163388524995 24.1585808430631
16.6462182054877 23.4240639884182
16.4425439988594 24.1437672571379
-0.492537865726194 25.0051311121579
-2.63147828404805 20.1666012167663
-7.32449582188006 24.0790792985066
6.12589841940462 -1.77492689188373
-6.20099208357325 -8.56846066166
16.0079826448166 16.6096307840358
16.6783827329747 22.1365558100452
-8.49239274590852 -7.14162618277481
4.67397028122891 7.56561489064643
0.768474234386412 23.4299271094645
-6.29867914070934 -4.18575669109975
-13.5731766651895 6.17065089260693
-10.8303369108298 9.28952977799144
7.40820992230938 6.24481983430593
0.640746350686859 22.0073821736804
12.7140348608879 21.4754931095492
14.0371172625768 23.7913430801146
6.27124810848217 5.59504291583238
-0.556320921536358 25.2601263435302
2.44478898915461 27.5274908027177
8.94156678642865 22.3966861952196
-13.3651749592556 9.72898629852932
-3.01475518605162 -8.56752018431404
-4.70237889147982 24.156253171692
-7.74928888947236 7.34574476562213
-5.14292253986546 20.9348100291569
-10.62122557402 -6.20615697931582
23.5332467187328 17.613387121093
4.35819829223231 22.3641423572623
-1.50624258009152 22.7645837576224
-3.79834261970543 25.7108859100455
-6.81208199998435 -8.52336849290889
-9.19778874549087 13.7814820775029
1.69628724417297 8.60566234994364
25.1710713293012 15.5967619593619
-7.02155223374302 -13.4873535201433
-1.08222431932791 21.2870268369581
13.3024659977044 20.9948510307309
17.6744101200778 18.8494904600244
8.94191550254742 5.91017042088678
-2.11903302632992 22.9233496545091
17.6884970389445 19.5243194352161
-4.25877284404365 25.8908695105802
-11.3945709182349 6.41699880080337
15.4747177359463 20.5960674052726
-2.8061677880686 23.6060276527855
-16.4492413118963 9.1011033831387
4.93923577060712 25.4361915123172
-10.5840007291762 11.8320052870853
-0.53570113951373 22.4622556018198
-5.36024970218378 -8.48434252729901
10.7271693381468 4.467082707862
-14.7384951722182 6.40230927638199
-6.15476657808978 -4.1098403987325
-9.27839423699145 -10.2531376201482
13.3046931618647 24.8249606352979
-4.63344230551877 23.7302620599722
1.74119954966873 29.482650960166
-6.2042862480269 23.5855466824293
-1.15802634072547 25.1705573572162
-3.69768466901052 -8.74400292779483
-1.32244049552598 22.6381088893194
-15.4508744040854 13.4020349159784
-3.50555064467253 24.438256123393
-19.6233454453408 7.78400430359738
0.200001674959337 20.2104668791518
20.666257781742 22.8108304621243
0.0923678156955856 22.4865426852361
-2.67959805140896 26.4638494091889
-5.23611589980752 24.5197710588754
-7.28393263882857 6.68010759339578
-13.5338437542849 5.65069368304433
-7.89334008344262 6.40344384303766
-2.30338254584719 25.0208161166706
-19.8583071398973 9.78698742617466
-2.20507704064995 19.2103482615069
4.76792243282625 5.55218058022246
-2.60530618370317 24.163371609443
-4.28431026367017 -5.41807754370446
-1.21175113863996 22.9320840020943
12.33530176601 22.7326994334958
-3.70726635440162 -6.0778251940407
5.85553766822866 8.71484037661488
18.2301835982748 22.551314934718
-12.9653989355709 12.5416326539211
-6.28033645536093 -7.96388521081226
-5.57445197872943 10.7081808469238
-3.60028609677089 24.0607518884763
1.83114957125417 27.0288722977869
-8.4844167266388 -8.1192266492894
0.921709105317043 24.3237277451728
17.2480902719525 15.1191960174418
18.3669339120137 20.8549819653152
-5.26829047956438 21.8698134475245
-9.73619334119358 12.7574178901967
0.789659250828648 24.5224628060629
-6.84203357982855 -5.29137448757499
-16.3670402781247 8.85868366897618
4.07355970769793 6.57769097313354
14.6098131471199 21.6367053317705
-4.38735515077638 -8.96677237247692
-11.8479079871919 7.04657902729016
-3.18455747334502 24.9701615228717
1.39792978882934 9.29922185829606
-5.26458398169882 25.7929009810281
-15.5241309259444 3.76962929898554
-1.53191215582913 27.0159574102867
-10.2904937134949 10.5126446081793
-3.99265898377697 22.4533685979506
1.75631855185762 19.1924395573034
-1.03745786392608 27.6085528443583
-2.94106971817104 20.2146460063558
-4.69246342903162 23.8606186565554
-11.3156325064924 10.2383941760429
18.1948349465183 19.1133908454662
4.58428862075349 13.9549075605533
-12.8702751077896 10.4234043646508
-4.25844239284985 19.6060613695839
-0.334613973502249 27.0402537186366
12.5126176562739 21.3375816869716
2.07881032048761 26.3458275021621
3.44202757476171 8.28099439746625
-10.210756638239 6.27976895676118
-6.68884951255391 -6.16862708097196
9.68473524147195 6.8025079801881
-15.501697659736 7.20529156683536
13.5723958497745 23.819976447142
1.21708919619116 25.6646227541072
-3.4245128717407 28.1769006096319
-11.3943180484205 11.7398565161338
6.6835556133479 9.85809669152801
17.6300926668369 22.9402372883797
2.61290164683553 7.57715132056703
-0.424075124566078 25.5077072173786
20.1196022096721 20.6480556571467
-14.9675252026544 10.0239313315007
-5.24846760099835 -8.257802710879
17.6019377909113 21.6864151554919
16.1844910784389 24.1665118570894
-4.15964745401421 -11.8400052468851
20.6027495259192 21.5810723829888
-3.72790400167638 28.7471512919961
-17.0977705785875 5.01095496652501
-1.03169748770608 23.5622882350407
6.45581966883188 9.41410617474558
14.3715963978238 21.9330676231609
2.95560404588672 10.5676545261401
18.3429877706304 25.9028396617262
16.9581494059126 23.7504560048144
0.265127493070834 20.9135232339671
-3.84355620362464 26.2847665653452
1.92325836093054 10.9946388245261
6.12609398751146 10.5128238029385
-9.86922231645974 9.71721355302583
4.6685901016707 6.48401670431968
-0.596665839507279 -6.10431622129634
19.011128344927 13.3299910198466
-0.987214451801184 24.3511821072512
0.894764307265807 29.1047254040704
-1.76780238058069 22.4290198635798
-12.7214149034226 9.15244730068569
2.01349322745694 21.9359675751752
9.36639130488976 4.48091490819319
15.2591452280289 21.971619393192
-3.14614274241186 24.382338377955
-5.41790094180824 -5.74417229743801
1.23417441359398 23.025732262062
-11.4186985569059 8.95847902033604
-10.2139626062249 7.26832146478454
20.7391757058207 18.2643203524177
-3.63233337223365 20.8282924993374
1.12786343029304 23.4867985052323
-4.79432986460178 24.8859702556154
-1.21273306032465 22.9614957523523
-10.0399336444067 7.48914782853113
0.543844237899409 7.33378733384033
-13.2815087695804 12.3881746446282
0.944669333490243 24.5426458115685
-11.7913378022437 8.7725027403087
0.366198619547662 24.0147941154564
-4.89062655241418 -5.53421776816443
-1.62887151829553 9.22648905439825
-10.2336856841205 7.61961773550876
2.58467473100043 -5.47021793199719
17.6377569909291 20.4492761187711
-15.2729262368901 12.5994411263492
16.6614326669456 24.2180246929299
-0.376972762550401 20.4098137931811
-8.32823145669233 6.06784672148298
-3.11768068486831 -10.9975073222684
-0.707103458694826 25.9281697542994
8.46198899542615 3.73079511953473
9.75217119924663 9.81065205863462
1.30145650189165 24.5810289370885
5.37379755736484 2.95810365202951
2.90939663598317 22.536380254706
12.4523419354786 25.1917373132185
3.35108321218222 23.1073750440734
-4.10403869168369 23.8320504707351
23.2534881423331 16.1143790947763
-9.40676371871512 7.28989802146642
2.40173373520656 24.0502459975217
3.00817756737413 21.6089645314583
14.905562958171 22.9465648946119
-0.677308197825092 25.4815808008754
-6.3970860879625 25.0304042530058
0.87821162741202 25.4261158203178
-15.1980408480503 7.98795643217973
-2.50315307729893 27.4472614163222
-3.28761153959489 -3.80277179683408
-13.5034064368598 3.51794671223221
-3.66439324872472 28.6300169189461
-6.96722786555823 -6.57534184052242
17.7038776448596 18.7503957003056
17.3854864777906 21.3315752024806
-11.3422225076515 13.8966080270265
-16.8091860986624 12.5226397252951
-17.9718114114292 9.17368197380305
8.55109115899731 8.23237649571063
6.92138969146368 7.40593744518559
-4.71907359234894 27.327883556955
4.34507420972967 5.12802067152063
-0.124478640316974 22.1180378680274
15.2895602702576 20.1795163725232
-1.56839675780157 26.2779807681544
-16.4436720380428 13.094469676463
-0.0167087426979196 25.8297359223858
5.09021209687503 9.57671193324095
-3.1975701616722 22.256862345196
17.0005711327807 20.1864607353554
4.15920465680845 8.74950615965829
-12.6898690594462 4.53938953770488
19.8422630991813 19.0816174173578
-4.0312587318939 23.4293425770026
1.15113296806796 25.1700584350565
8.85807127636971 20.5504570877508
17.1304632465799 21.5584400957319
-2.22044637786124 23.2502959758464
-0.136376443903156 24.6999712368475
1.5135804404001 20.7125334199499
-1.32192642391296 21.8616006743773
0.174189381269499 27.8987523731612
-0.930227178018568 -8.74912693493253
-8.45198805042491 -8.0853224404915
0.596971809629452 23.6847624787811
-6.34605161711857 -10.1275522095267
-10.4976855670811 -4.97326677693394
10.0805803558647 9.53919819456931
-17.5900600359485 11.9575822592228
-12.5308120710267 5.52688550184845
3.92330445086563 4.56383866528784
-13.5784529167404 7.94035192440927
18.7112109018899 23.1842291926134
-9.36479515730161 -9.0696331174975
-7.88987093590344 -9.46035430123596
-10.4457982351507 11.2824922805684
1.26216481089921 7.68683914302507
-14.3029330863869 10.2098668594711
10.4339936769532 20.4742860370679
4.59016284050541 7.3343279129485
-0.753806948175569 25.4674905982388
-13.7331350096912 13.798357254112
-13.5459891859263 12.888897512222
4.76319828083776 7.01514497144438
-3.78741411324722 20.022883488776
-7.54304887823289 -4.53161292902535
-0.253044034325807 23.7925704717532
7.82148343010925 5.41759625336785
-5.23016213211847 -5.57712903348472
-5.19436824091549 -10.246154974775
-3.88701741813062 20.7234717937382
-3.09748453875382 23.5471343974398
1.75756309117494 8.79604251907694
-9.54821494375341 10.8499334670146
-2.77789268099925 28.0763682871565
10.849692760058 19.2920736589598
20.3229200778102 18.9684877048999
-13.5997751032394 14.0541756743587
20.0751137753138 22.2553763153954
-17.1314405562977 5.89304100827053
-2.21382011877656 24.6240971042798
6.67615342950136 3.3185357448933
-14.4943044172456 5.52840013820164
-7.88577210625078 12.1832171779601
1.149315353837 -8.80365457086553
11.5913749787725 21.0818312801643
-5.41568693559008 8.37841772734334
-4.27406078195729 -9.13417771788193
-2.33212926389436 26.9720781813909
17.2210899468944 21.5172303125379
4.39493300377475 8.76975523577556
7.46643686909975 7.76595482112192
-15.4245296379291 9.98580169722831
-3.56819158220125 -8.84063599858777
-11.2358517280652 8.39939346569235
-9.28687491104889 7.44907798796853
-12.5098173441077 8.30998403414114
-4.15717488934902 21.5803223923003
-5.40987894700278 22.3363471639133
-2.87924479489202 27.0220845500502
4.27552814748345 11.3167462658265
-14.345044957944 6.07688630322423
-4.63860767824118 -5.14488606609781
-14.6333576929398 14.1565427889762
0.703915925600071 22.5012282485775
19.7034795173393 19.8757973266203
-12.9737656144867 14.8491436997093
4.39792133245567 6.48419994555081
-1.31139032002796 21.0210040907773
20.9794829476784 22.3797195004557
8.32904894175684 9.35842352905876
6.45252693499623 4.13997677893154
3.82537040260608 7.82612454777116
-2.84269421908699 24.7129801939004
-9.99768297704149 8.32320297317274
-3.3084411399471 -6.18235444084167
24.2646063569688 20.8514499959152
-3.16815933704568 25.5960741918906
21.463450883167 16.8327635154948
6.50577366586106 6.39363366756117
-13.4188921942783 6.9446548089415
-1.96539896590402 27.6097845443419
-2.4139531955156 18.1728282706534
-1.79861193843903 23.5282756669338
