x1 x2
34.7071697643883 15.3845269423407
-7.36061149692483 -15.2571911984152
20.3777078622315 35.003436575431
19.9868695618636 37.0756414641165
9.41663551111949 13.6499219852843
6.60782092168436 12.0069136511712
23.1266261227709 33.9782507564467
22.9084139363189 -10.3875031014248
24.4451428867187 -11.1823412476324
21.9287719599773 44.5283644318373
18.5117406086041 38.8101418812866
33.5469033373667 16.1722836117572
-1.27029740292287 -10.4580034789938
4.93644732158991 13.7227283903131
17.0463137623783 40.6910504018217
31.4623281002335 14.0226995673585
-6.68197044896242 -11.1118711898955
-7.17835039851466 -13.0368519690429
6.15818917455633 13.184097028091
23.4057320990808 -9.0314806766437
20.6148577245876 42.0244809052225
7.10504360833427 11.6060244819929
36.0941430024002 16.479693290151
15.4588331751131 39.9992365290931
-2.73324802672998 -15.7386223349831
-4.9707250320632 -11.6614604289228
-6.24630231112905 -11.3621221645508
5.86496818969996 14.0324314738065
-6.241598302869 -15.5206169594752
22.671391056176 -6.44684165567618
34.8575883221211 18.658020485875
23.045780017769 -10.6491998731626
-8.71999346401902 -19.2792705863473
20.2973137848055 39.4723842443027
15.8693926519342 38.7253272490716
-6.79406448849157 -13.6293149766768
23.5383692707692 42.5647910718921
34.0698924391291 12.0598080794332
34.9032085308912 13.6214008197149
35.4990522443442 18.9681335919993
-11.5268555102675 -14.4159589393648
20.5084447261837 43.551515464954
37.1056462848574 15.8466629796915
19.3005620208688 40.4592256852997
23.7253751701479 -7.62681737447804
16.5747159074794 40.7599539232329
-9.03120074816823 -13.6620612287542
37.6072024477596 11.4484395304873
7.72677440704758 13.3693620668802
20.6701143920342 36.6090360785114
23.5229104365371 -10.9233199436594
-2.44494680667739 -10.5995762005092
24.4834871694109 -11.9465680334293
34.0280506429872 16.1509408803107
22.2303409316607 -8.25084816950925
-11.7516464693328 -11.3368698487823
37.2053852167401 15.4755408863331
14.0561984137611 35.6706408929843
17.929764138692 43.5338822182137
20.7896248749986 42.0458667967034
-2.3602869306637 -12.7431952532863
32.4629339787823 16.0814161106149
17.3469314703106 45.3158307838285
18.2129535695684 41.5296180350131
18.1695275942332 44.1624279593713
33.711692869999 17.8310644028983
20.2236950908262 37.4439630475533
34.5403336880285 13.1512368700534
0.248792575177485 -15.8799364715466
-3.90258366917994 -15.196773958412
15.7295802008504 43.7173547834323
20.5979920181673 41.1216298411283
37.3819072834012 17.2146835682518
17.5513684022187 38.3828238208855
32.872299653591 14.9933373024887
-5.29707038049575 -14.6094274300915
35.2737396154423 18.1471844361489
5.62405191392926 14.4296262484968
-7.73069407842433 -11.5637506128611
37.565143703308 14.7690015387691
33.7393251701436 18.1015061893266
25.1796446516812 -10.5938444738439
34.608497655207 18.3174989163587
6.13289521321483 10.3083880791777
1.68497204416455 10.7950286956763
3.41143544408817 17.036648272365
-2.35628762880331 -12.6406451363421
37.4296650168586 18.8158694921082
16.563673107777 40.8768546806107
17.777751426704 43.2683581604187
8.3917268403909 9.9569049845825
17.8117567177623 43.252552149761
6.77311080839893 12.231069942657
21.7980337980906 -10.3327840073729
5.83299509799622 12.3518521808336
7.9818768514117 10.1369594845578
11.4184300492773 40.7066577829644
19.2163305036584 41.9346186990787
2.70605550583426 12.2971304117613
-4.32096164393317 -11.4518839979468
18.0604731456881 34.799788092992
38.2473314794606 13.3018910388295
19.2461263777439 40.9747643007938
0.558029814652897 15.5441868208299
19.1155833088136 39.8305888442714
7.242853690143 14.6566904923867
34.9859992942639 17.0072821378839
18.9073798956637 37.0623872966451
-9.14375459921685 -15.03493938962
35.1445751687369 19.0228116850267
15.0261536247167 40.3144500092556
-6.68843732611549 -14.2647693856451
24.245930436186 -4.93635468476096
8.99003659762911 17.1394288049087
31.5162615760948 14.0087405303649
-5.22437503617582 -14.6253191560987
-11.4992757761206 -13.6542502160948
1.95208933559378 12.2720386948117
-11.4973253005577 -7.69044111182349
34.5306324027193 17.779054083122
19.4611671236628 38.5911207317069
36.689866605152 17.571697890323
35.8689421961356 19.6634985775862
7.72178621319194 13.6935255681417
-3.03499245715681 -13.360691872145
22.3133309823248 -12.9743712247811
20.1681594321921 36.8152132762361
13.7408010344616 39.2036351949653
35.7562136720634 13.4588130365854
-5.10093471556666 -15.9421711661986
5.55768557340127 13.862539631046
16.3550102005066 41.4905103334482
-6.22255053071714 -14.9712310379596
-3.17775209656544 -13.9790389868675
4.02359398767852 12.4519638589408
36.6999835536793 13.8005509501593
32.8680408919038 16.9425510500068
20.9685189183158 -8.29127091568354
18.2772642489401 36.2569041990109
36.7037043763129 16.1804244001691
22.9545640636619 -12.633491138689
2.63458046292958 14.2918375362214
22.0306860484794 37.829370256582
32.9935115622257 16.332974386253
-3.9360391810307 -11.5343139842269
8.99158745129137 15.5626533677552
-5.90127749719313 -10.7438877946825
37.7582142332369 20.7179536341829
19.5045773122978 -11.0554012628041
-9.54537907559161 -10.8665467055864
6.07307957902484 12.3826183395435
20.6889516415264 43.2030466363998
36.5882175635805 16.6122962702231
25.7900619706148 -11.8295782846161
16.6090123513204 40.147217189911
-12.2482372383149 -11.6961987587875
10.1346096334071 16.0404961960021
6.93704645159365 13.0775305919285
18.7408589791499 37.9997343003108
5.793163497257 11.9696549223808
8.60830979239551 10.8660050299259
9.06405427557132 14.276622591323
21.8550564442316 -10.0301955069816
-8.83821356619629 -12.0689434687089
-7.22867367730163 -9.64167588259341
35.0213476585927 16.7229514546766
8.29107885825226 13.1898256372522
16.4463762998408 42.5825775886361
15.8590884061572 39.8972506057352
22.3236175876339 37.9793109613932
23.777018072393 39.586584922398
34.5126549617554 15.2563488798656
36.0746994645545 12.9242088777344
33.1900974853058 17.9509894772319
8.19951086110032 10.5784698792533
8.07093761187951 13.8781105275657
-7.38579200221188 -19.1583300585031
34.0446290925818 16.2004498385865
5.92536170276573 13.1617324856722
-1.90679413990192 -17.516032017343
5.72734612861213 16.7535958942575
21.8041888031045 37.5100560928696
33.5001156365145 13.321203370034
5.26369114996642 12.3425785917355
21.7774023534475 -14.117275548316
15.9630365841824 40.7123019856373
19.5871432389038 37.407809133411
14.4805043739725 39.2388200428035
22.7573609088547 43.4617792347691
15.9226678418667 39.5671377255376
22.9276766304594 -7.99667878335724
20.8186504241349 44.899914282802
24.9215270564233 -7.41542805756557
20.2749966105213 -11.7371749216629
6.41183724857862 12.5229158083682
-3.44874369743468 -9.88695004871572
-4.74905130094042 -13.8341480454626
-6.55305317162935 -15.7163415021739
5.71724065695735 15.482681214149
23.4087206383246 -9.34902873897287
6.84535991360076 17.5088779396011
34.6684362554644 14.6802367462089
23.7046460676241 -11.2034114202479
5.18416559170917 13.2721488838016
35.4994613490175 16.4366927207727
22.5463773111707 -12.5103335439343
17.872588660899 37.3299184576684
23.2660944292111 -11.2076026494451
34.9599756051023 14.97450842386
33.7729782095665 21.2829078904214
18.5410516281372 35.4563685996027
-1.53514059501679 -12.2380897755226
21.869937996529 -6.05768725691176
19.3763503173193 38.116689978771
17.38542474065 42.6642312342797
22.8110239538487 -12.3271498061857
35.2451164794473 11.7362881566301
3.55250478520621 16.1640779114163
17.9691975153797 45.6843611055451
31.9850692627533 14.9905329275972
20.8873803017468 -11.6015965226265
17.9527179222083 43.4299514759812
7.37816855372116 10.4065782512225
-3.22242061329967 -14.7921589921734
-11.3056280581959 -12.2106259675738
26.2598433077472 -11.9916689710358
8.51390231477036 14.8872760794886
20.3531154090807 41.689190698223
21.3276934513031 -11.9860221534554
7.31642160238865 12.6090266052587
16.5690769554887 41.2916991941717
15.4281264222766 38.9958302573874
12.1508506822777 42.1871826242138
-2.95272728172344 -15.4751241892971
21.2121951680813 -7.17471083781035
35.4942607940423 13.1061259944069
-1.68880391541945 -14.5602799030939
-10.5320822998391 -13.9020236455336
16.204344230167 39.4665515557098
5.32033108583252 14.7010831206259
16.7184843910457 38.7490208699885
5.54558467463219 13.3327244175677
16.4726221102296 38.2607635366713
12.8809804453994 40.1134457652518
19.9429735906895 40.4244702059133
-6.84694221130921 -8.89951632012897
39.8756410835598 14.4485741020952
19.2027259339543 38.2464265040813
6.36382612863051 11.6388948945654
6.7079919354175 11.0797613622919
15.2292834081576 37.4378083435848
12.2401688934712 39.7022588971859
37.8046018289766 14.4478755754266
-5.51337596607218 -13.2830774095555
33.0149462085012 11.8972939946001
33.9441622870122 18.0112110052593
33.1210863178716 17.1947311405248
24.1943503167765 38.2606004732283
23.8903338999801 -9.28867305710139
-8.94011786816553 -10.5303474394128
36.6488754428648 22.7761138361897
35.2738734992913 17.37136637907
17.8147658115182 40.1688728025011
14.5167276600111 41.5118515729514
32.4902605542712 19.0969331716399
21.0484692068028 39.0360659455695
-8.46275571063941 -11.4821322482042
22.9045631503766 40.8304364769187
-10.4948862217648 -13.1225444924263
34.8663606432355 16.678154607371
23.0214772861571 42.2709974614592
-1.27759424632942 -10.6604519672815
36.6936743213347 15.3146006382816
14.2608523388995 43.9352006354097
22.4722181682226 40.8118517436697
14.5175402041455 40.6011907695068
18.150044564768 31.3997112346255
21.9725489730667 36.6151554865297
20.1806028661593 44.3726696689439
-6.01620298280822 -12.5669588163003
15.3032393146437 44.1439098306288
-0.469472316460957 -13.7812899806241
23.4368476783556 43.8004215479033
22.7081905289974 -12.3742417959009
13.8000610175817 41.9403840172509
33.675650480948 12.850088105159
22.2373169168532 -9.44230612634059
14.7888753808294 38.966508158656
6.55685954865367 16.5499248347481
34.1087094477277 14.5580779740033
16.8940043108409 39.7594092289661
17.2683523268496 40.1387206952689
37.6430549469596 11.217372995618
0.432270335611757 -10.5961984805623
-6.95646899250978 -9.73995231155044
31.9147304643924 12.6544737950987
36.9489998905418 16.9698379211768
23.6647548808698 -9.65709100303935
14.7148769314334 39.2074212873635
5.95734950362596 13.2380728733683
19.9271044514954 39.3508296102461
18.4870921369513 43.2239237263031
36.1949978393247 14.9040638362616
35.4212388608195 16.9329119560544
-8.59148470161164 -10.5466039785912
16.6813866144517 40.130414491417
-6.49875912413721 -8.15232847511546
9.56916716665495 9.89502163752801
-5.8809012621358 -10.9719261282352
-2.40155341508259 -14.7822727711542
7.64583336991542 13.2033784216186
21.067361903755 38.1996941278673
-4.89399995490769 -15.8690903176176
34.8094800706924 14.6039320938034
17.5298959009224 40.8725238709705
13.3245863667494 40.3402875601386
40.166781082309 18.773638940673
-2.49100997202782 -15.3681033481295
-3.16706719795077 -15.9383808299758
7.13947023234062 12.4275555456441
-9.90768892925923 -15.2335862116287
8.44999045839496 9.93448543215345
19.0096264318923 44.6674654515458
-3.66340317000245 -14.9707209431603
34.6746800453396 15.109217573764
5.3446927418816 17.9718058999738
-4.66049798857684 -10.9463210035835
19.3235665005923 -7.7871136704117
20.261479114356 36.6617026918577
34.1312678651904 12.5115615834296
3.75119118069641 11.227393636362
-8.21028784500784 -12.2344137337898
34.2397702634554 16.1033942922122
13.8756700819625 39.1212927085387
-6.30330671308149 -13.4081044794966
-2.10570931177554 -11.5892807847048
23.476941073084 -12.1870461537064
21.9448664725771 38.0613141819102
35.8203755563195 17.7791927691171
-6.66624748754632 -12.8854695490569
-10.2137404392549 -12.8320465857701
21.8765452454685 40.5302589704559
39.0215027725067 12.9871570126279
24.8002719199353 -8.56827050669458
-10.2884133165314 -14.0068476340578
20.1318858380199 42.104294819339
36.2546322942241 16.5377025134393
26.5020537017574 -9.14876533147127
18.7225239609957 36.876224638696
36.1680816077033 14.0168251529685
19.0239987618688 41.8437933086123
-10.6786416757431 -16.239429588556
6.70387256601304 10.9080371533527
5.40550949563928 9.93566988893741
23.9902753373544 -14.564333365562
6.26355382698958 12.4764248014606
35.6249923227762 15.6038703952775
34.7572822577796 17.7072433725566
16.000966416504 -8.83061146340237
-6.26434228233198 -14.8363554109992
-8.45537898141326 -10.7288828287551
19.0568256642438 -7.76137566036673
-5.39521097573266 -18.1088344738813
18.6182280472936 -6.19571309198557
21.1326885627415 42.9254478111683
16.7709789633409 36.5080389804693
-6.95720962495967 -11.7151868361095
1.04798985427225 14.2399959948476
37.6737515622127 15.2908299846119
16.4890862318729 45.6352361679974
-5.15318006351083 -17.0430876727155
25.3020868957219 -13.859671828312
17.2317183834165 37.3161742427132
-6.9808274968854 -15.6032888480526
33.8597155649626 18.0520300659596
35.2091136997703 19.0069473675795
20.8507936138018 39.3841712311302
37.8755482501414 20.7898094859733
15.745278557867 39.2216935669569
4.0138282069029 15.0652913861963
-11.5638085607191 -14.6505028824638
-0.136014181541622 -15.7925891555523
35.6256551519578 15.8221362077787
38.0629559223174 15.6694732547893
23.4333903591766 36.4426191469614
-7.4820126099316 -11.6914519783734
15.7564893164082 44.0405775786584
-3.95082199700159 -15.2719587192145
34.7427210855424 14.8560736026377
34.6759121643306 16.5962660629882
35.3237487668455 16.2902925166494
5.77995687573445 16.6634042833244
21.105732916513 -10.2292839728382
25.5558193940977 -12.2873372255282
37.1102457442207 18.6794985332617
-4.15404644217217 -12.5583011879646
24.9133464006954 -9.81381872817131
16.0763043472151 37.8589950289957
15.8814905267354 39.9600936543162
-6.77734199133792 -14.0533285131805
-11.6027366901452 -8.36453145008421
5.09174584591204 13.6498117429438
-11.452651766311 -10.0615335705939
14.9457328628045 38.6936900461728
1.73551991450225 -14.5635620055181
17.9114590904426 35.9193189831622
27.1250109080092 -12.4186455917782
34.389097607709 14.5827195979831
19.8852482641277 42.3971010668051
13.7658359017862 38.30701208956
10.6369659021305 43.6923594616891
34.0275531761262 12.6859442185862
18.4962631185733 40.4048347412877
25.0089706448907 -9.9471759738025
35.9009274699564 17.9682796354363
-4.63239326210057 -15.6846290239444
21.2804685172199 45.0872384720984
-8.2389003210414 -12.9016472789138
37.7317908151493 17.5668707735441
-5.64875724567344 -14.9931439381786
11.3201326456896 38.536266316497
34.1091821555 15.5858225375186
34.427870783728 16.5727372159521
-3.44831505461009 -13.7293682410759
35.7970242933249 19.0645632296594
22.3769480673164 -11.792069312133
23.2129474162626 -8.26193006025615
7.3548174027105 14.5550592299347
37.2436549739006 14.6079300936872
-2.27783419198421 -17.478797851398
4.35707603999116 12.6371840220169
22.9153810630872 -10.4767142398924
15.9258287515688 35.6794888678698
15.6689077455368 41.4729664745848
19.8450643019175 41.7997726125763
14.9129601141588 44.5813995729197
-1.52666434016745 -14.9469512320853
19.4795780187609 39.4378370994749
21.5579513271148 -7.40294918064616
26.1027560054464 -10.1321457641502
34.6752998278698 19.0906931361761
37.6120376801468 18.557728852235
34.0764464645227 14.5618474277388
-8.61744428197149 -14.3659213096949
5.88197007629937 17.1141371494626
22.4959246272133 41.9594105943928
13.613774889383 44.0639228106996
21.2819901814667 -10.3441283576099
19.9022076961896 -9.42605987444841
18.0147987084662 44.6342069327073
19.6352886061561 42.1835805539845
36.4733950639976 14.5500897982859
37.1151459942668 16.8958119565713
33.127649510844 18.6205105710125
23.3844311888271 -11.4845705182086
17.2054755683128 41.7185331232355
-5.186598163861 -10.7997890327472
17.9223592703886 39.3871391253911
-5.31036057080517 -15.8196791188043
6.74474419533191 12.7187154769543
-6.41626892613791 -11.8195829438153
-11.4443746656888 -5.14302534455346
35.6899516925311 14.9711589458861
33.0879219003608 19.3786352109316
35.3625311488351 15.7609537566018
19.186175901229 40.2271753795362
-4.38586677087117 -13.3005162377621
8.21549829977005 14.3711313015852
14.1708289230882 45.3528921488325
35.9672727758041 20.7087747322728
-10.6624660694018 -15.7077086206193
23.1844290581335 40.9012322550235
24.6399409517077 -10.2089554356282
15.3783767749534 40.0408068220657
37.305283025811 15.6994628605112
34.9988324791205 14.615968376955
26.262042943274 -10.3144081065389
5.08020281016989 14.2221902940779
3.15194813573006 14.8046488169927
16.387830011998 37.4158596365085
6.88255417753757 11.6912386590338
37.1514072174722 15.8769931862168
35.713616378659 16.503500068837
12.6766053795813 41.1481751724844
16.4723029855626 40.0727399588476
22.6934181238261 38.334948702364
32.599587580844 16.7705861282485
-6.87747071164633 -17.5278707115834
-9.53334423617449 -12.5319198853855
18.7630882844268 39.7518300835761
9.46027892993655 14.5144447644613
16.5440073139479 36.4621900275165
14.7323619489584 39.0844011212027
8.1600918146242 16.946897851283
23.7484423816993 -11.0267459675105
34.5056270797996 15.1810473484982
14.9493645560734 39.8926025830093
15.4738257424215 38.7891263311395
34.2258418181526 13.672043983737
-7.8382063926592 -12.1062203844706
15.6886366224648 48.4262999130222
24.1395111695919 -12.4236569810557
17.6512397278543 37.2168496546535
35.5111844824707 16.0513879013492
30.7847608437345 18.5360335879595
22.9593595641414 41.0580365602433
34.1463411292268 15.1471840924816
15.5192008202209 38.7553900976423
33.774762304724 17.317421132712
-5.66094189793342 -12.6905813231276
21.6685105602489 38.8759649230691
22.4109177814357 -11.5578498788778
35.6010225874754 17.2038521399226
18.3090483507448 35.7773830693266
-3.84095651834993 -8.94995643856867
-3.49637346462854 -15.8446857240164
7.508591360088 15.0331378408368
18.3592104697871 37.5905228995215
-5.76459448922179 -12.3441832102705
33.6488368492108 16.3437745415027
35.4206290964345 13.6253365868298
-5.70728256882973 -16.0274648508393
23.4379435935738 -9.34613701419283
-5.68035422925252 -12.9910185174917
-0.737427626254917 -10.7158194757214
22.0589592373963 -9.00873917022188
20.9639189076662 42.7528887165336
16.4766937625549 36.5545908624857
20.9754897190848 -6.60042317901906
35.5678423782479 16.2755745559146
11.5477817298728 41.0210326164441
34.3071093741935 20.9152158416858
8.40332893285638 15.6244510005473
35.1346835182925 17.6439817764825
4.93820041147722 14.4344655364283
-5.25625610965377 -10.8381352596636
-5.62913843657195 -18.0234730338323
35.1208409002652 21.471997870105
20.3503825926303 36.4865911376347
6.5296518593414 15.3804811170245
-15.0904379290341 -10.1638260754811
-10.9635857398373 -14.9661712942777
34.3787681752644 14.5759690986846
7.36279727189972 11.3472267477545
21.5336026266098 -8.18324191034379
18.4557985686085 40.9721862773807
-8.66455435365179 -13.2380386497448
21.9038503421381 -8.99522512203254
16.7872877477841 42.7615768471155
36.2047813575416 16.8658362211235
35.4804066886972 16.6415679903211
-3.09844181479304 -14.3496114545871
35.0502092550995 18.962804440947
17.5796098367128 40.8816756001702
32.5130165367942 16.8275065090418
22.3033399578179 34.5616881333934
19.965186060776 -8.16037952672829
32.9525234845283 17.0311719148403
22.7150395761714 39.0829152608997
19.0863384346661 45.4308147396669
18.3174947499501 42.0309106350427
24.755789074246 -11.349340497243
13.8072932399972 37.8386172355064
-4.6933858633264 -12.1586721626899
2.65357737030373 14.4915277201038
5.29372877319929 12.3646495989974
-5.67643137725558 -15.9220765070689
17.1757547580817 41.3880523944692
5.98380827524467 15.6541042239547
-2.45735338417679 -10.3840165077071
16.2944883419329 39.6428810123326
35.6319400116728 17.7781252631789
31.4722112114006 11.4431702651406
-4.51711479861619 -18.0724147698393
7.55430848056204 17.1924615348385
18.7780280991455 35.9734617182604
34.2071579145451 18.9096704363066
34.7399357785143 16.9305883714292
8.1809459246606 13.2555505100456
37.5156918566679 15.1990634774925
-12.4431512699773 -7.98105002221588
23.1013596426841 40.1116455900331
32.8299759091153 18.8580272122012
23.1859523795647 -9.57079690258871
21.5082744403668 -7.58106131051789
-4.73623869972803 -8.97046875674171
5.13384935462664 6.65885483753423
-7.20304122735481 -19.7928149404639
22.2732012653295 -9.05087339446374
4.51529691991682 15.1110322269969
21.3895539100703 -6.65366433787162
