x1 x2
2.9819665082311 5.05046824782156
-1.53045422281186 -5.47624650027357
-2.62418519335234 -3.40133114399012
9.3222120784804 12.9546580237891
3.52603114705522 14.4441671565921
-6.16326879304511 -1.80192109967606
-4.86031336126493 -5.14935419487468
-0.329755595252216 -4.32834335700037
-0.727267408136679 13.320511485909
-0.19923960108793 10.2438674876567
7.94742756540552 8.34425446905134
1.84501945553591 14.8186640714489
17.920242592833 17.615889155239
13.8557910587677 12.5190332866251
-5.93330899262881 -5.94526672046961
-2.24442056609647 0.166523825481088
4.40307117936122 13.363376683873
13.0928095442246 11.5431723000221
20.0928182429499 12.5152357994382
-0.504893027811653 4.88619635450505
-3.21376817017414 0.406384421070336
-3.73800005457148 9.75458137079037
3.31207056816601 16.2420654367912
0.711763187035717 9.00367453031842
16.4175644711119 10.3633555870586
3.43468805897083 15.6191954858732
1.47159254978763 17.3151769451027
2.40621122178014 12.8841250595626
0.065297716993945 13.9634956150487
9.17580096654932 6.34740046046391
-2.82054288537442 -0.419779590314355
1.74176099911478 13.2169953035615
0.4502809382977 13.4502885098116
-7.42242308332286 -2.66518747697951
-5.1474147138921 -8.18429466235138
14.5357863330091 6.2529781138606
3.54238335961883 15.4945291160373
-4.62698157876233 -9.82594075068905
1.58751703227499 18.2434458909303
9.50253882048265 8.80187620523219
-4.32159901550495 4.71921961029233
-8.30314866132049 8.32666821972917
-8.96227317270937 6.07651104870638
-6.2008455663527 6.92637847191715
-3.72249329625883 8.90090633998797
-4.59645131750502 -3.08897082570148
-3.80994395350045 13.82935805095
3.39435768927181 14.0086047411075
-4.86063785870415 -4.29830162598377
0.0378278009700665 15.4507830161346
2.14706348538386 14.8982431744717
-3.01951412972029 0.446972711263672
-4.9933842819176 -6.05028810236951
-0.56144865961762 20.0856788412018
-5.01843293723595 -8.76572930043078
-3.57772183210711 8.86741612459829
-4.77789790039389 -1.40295415614252
-6.71106397830922 10.0445004068704
-5.15872332972432 -7.07191490348632
-7.70552056791321 5.93811823843962
0.0529083255536369 4.22638552212385
-0.0760117951468757 15.0091152135055
-3.20184866158846 -0.574972704340068
-5.17464543052474 -9.7402455018691
9.71531404614175 14.0035214581725
1.81798032028867 15.1137435927408
-1.20914056685035 2.4095366290696
1.33151954576723 14.784220407383
3.18440825458892 13.0638921909735
12.0731890624097 12.370543456797
0.40276535650842 6.47769563191916
3.3542307565846 14.3700239706698
1.44382248056224 14.8896953007421
-7.36645184667193 -5.72203987032167
15.2463571147395 12.0248006685317
3.99654479676176 13.8563673881717
-10.5233578561744 7.1907524920483
17.0291562346995 7.57905644876045
6.99699336212926 15.4099635203586
5.25637508722116 12.12471901388
1.5375947937616 11.687932231145
3.61442546832137 0.693390544980589
-1.37653575987182 10.1976312671343
0.243814934886569 14.151856775302
7.54795659796479 2.04814993296348
15.5808073876728 11.3383913686694
10.2708497984299 8.17678719329777
12.2040460943722 12.1670878380371
-3.70046128222705 3.07812603848765
-6.88006896901658 6.38742535958154
7.53441537080412 14.384842760579
10.9150625787748 7.7070317446424
-3.16055678685494 2.84617416615255
-1.58543086760777 -2.91008181398694
13.5322827155739 -0.624134113434907
11.0726108677183 14.8367675248995
2.38992439741053 13.2951766314279
-6.18812405091592 5.6495733601516
-11.046997052601 6.78505322657102
-5.08093163313779 -5.23814887675901
-4.41537433393414 -6.83633258904116
7.34979114066995 12.1682137959414
5.83844561384968 2.61986689562804
-0.999293147843381 15.2764924776747
9.16590339357456 5.93139403460993
8.22727011250673 1.71318255591487
-3.02825449481918 -5.65061105185767
-6.0192930907397 -6.20641612897787
11.2863036769403 10.6607270778263
-6.65776938921874 -5.06775020675486
5.92871812883227 0.902022461577755
8.04842491177364 7.67224594676034
4.01099478697265 4.14873522781583
3.715041306901 15.4039190919788
0.34108039736195 14.1233964225298
-3.19019049299934 3.43259899097373
3.24831311502803 14.5515178724667
-4.86822701021924 1.57377364613832
1.12584434400391 13.9833156060997
-8.63559456869887 7.6942166530255
-6.67718032889185 -4.97093572314471
2.45996360873489 12.6886463516531
4.78977564864756 4.29639724889775
12.6177741577492 13.2260943684885
-8.41399851092824 4.21926096797473
15.0159840500667 10.859930271833
-4.22793334221684 -10.7239542069205
-2.864726584544 -8.91032736554114
-5.76967153625716 -1.65308098673349
-4.45327668742717 4.80902872630889
-0.91248041935689 -5.81504076292091
5.30549008531196 3.2965349271128
0.706190701174166 15.7469842573684
-4.84553829852338 -6.31430704794609
0.225621602643244 4.50919060817873
10.3171991634618 6.51225704056301
0.155028147617928 2.32511588487974
2.36146944324333 11.9847344460712
16.7147600538812 13.7321361771962
6.13588940645068 7.49015927681159
-4.30449596820465 6.77619292556767
13.3597234647783 12.7005911283471
6.64419920877031 1.94783405621673
6.51097156036625 11.1947966815508
-5.87574153938402 -1.23203372383907
4.57795876969012 11.8891142343312
-1.34575451376589 10.8821726898801
-11.4059468907769 6.00598416108612
-1.90433014975043 -4.37336718623128
-4.37345006245033 -6.65872461055254
1.03356801556385 5.25881496053039
5.83698633555799 9.37523737116402
4.44206033383198 3.71593964851138
6.48927881080909 7.49668111550993
-1.97906429673944 -4.76253184186784
2.6072434228936 14.5542659829681
1.80932761295784 9.23644461942281
2.310530776544 3.71270997014299
-10.7919372098477 7.89529995470237
2.86515009793562 15.1541791988079
-0.448288839850965 12.6426297212433
3.15247849032731 4.65828132564092
-4.67174976877458 -7.5766817432203
-6.00003607902651 6.34049728941269
-4.54367821692917 2.82277769961372
7.74074465876379 0.77080714943896
1.9987379827538 14.0734603409404
3.7654514493763 13.988432194711
-4.43098608485054 -3.5723609009083
-0.806228495770914 -0.563898531565906
-3.46568569495308 -10.1064669516666
13.9142020377328 15.6749798006069
2.06659092366193 15.3964527326196
0.774826138151778 12.5260127476512
1.11645669730533 11.6895264928001
-5.619321002983 -8.30658566858956
-1.23225509030572 -3.87600727538674
14.7744743338287 1.32774349703624
9.83824354061221 9.693655299593
5.15616533702095 2.6585080546623
10.8329669883938 7.48970360282903
1.38995081872811 16.6599433122193
1.09141847595024 13.1909848224809
0.123522319718669 4.99065623780296
7.43587009713002 5.74243262007296
-4.24400813588154 1.99111162308506
-1.74555547092911 -0.144702356815457
-4.45748096689284 9.51972217246898
-7.49670811847674 -10.6713734144363
3.55405641032643 5.05335368299446
-9.19660756016445 6.41739281233569
1.71639284133659 15.065511130931
-2.84579558196296 1.46534877298924
-5.34953140688408 6.95065262045515
-6.92259765464133 7.14046804861359
3.51299546657372 13.1304279160593
-8.14873035074127 5.7920166546508
-5.18997402102041 -2.63803146109105
1.6051890788806 15.7312626947312
1.11995513748931 15.5348876144047
3.63997756863721 2.79859444121487
2.05708465912796 3.8197736831662
3.26244777827816 12.0037885870087
-5.95434320473862 6.1081540120591
-8.77883669017069 9.17909496551271
0.802204604939199 15.2037569410845
-2.97653473102465 -4.72134688003989
3.92699297030874 3.23448469429738
2.42480103908332 11.7153613952132
-8.74255404062666 5.76442000747623
-4.94325288297083 10.2589830145707
-3.6454017285117 -1.77465288984723
5.58204426401803 6.69254306394178
1.12713347960708 14.8165167114242
6.37082222525933 2.31278586462331
-9.49374067630103 -6.36477766909684
2.60246372385914 15.5943036449734
2.32317135515603 11.1229326705031
2.46391744648965 11.9052694229423
6.87465547683188 2.46375001373791
-6.49472860302032 -7.24924070622716
-6.55974260025589 8.67268046613403
3.53122463987646 13.7677095348794
15.5386000176502 14.798114445675
1.36900442884666 5.63735093872931
16.2493518767479 12.4433826312952
-3.11373140864497 -0.430638981879326
-5.01159372613045 3.33734721822553
-8.26345691879581 -3.34296928140172
1.89865034173169 -3.6346017593963
6.55995327995562 2.86213074937797
15.4971855320836 6.57666689004696
1.61338302892587 12.184545223685
-0.317771966796705 15.9356118288502
2.50174764037149 12.1451528585467
1.14192275533368 15.1784702542545
11.287697937728 5.85587591101698
-6.22985104061655 -7.05949332140309
11.1526794305021 6.73952690274581
-5.2128394604556 -4.29704722021159
-11.4585711040983 5.04073824417008
3.80899504048538 2.6375929973486
5.70451405124885 11.4468572281164
13.4490591941569 13.5330511627801
0.421322628144301 14.8364439690184
1.39692655500516 14.1465667731956
-4.19190734053871 8.42200925332646
2.1442294213514 6.11007194366893
3.15939906688006 3.8609878113303
2.3960739597528 3.22922768602365
3.60236193382216 3.50117179677708
-3.87945481429372 -3.98201272796182
9.77031458219867 8.51952895104489
2.21899040046621 13.387971572951
6.87915542633458 5.50140883463821
-0.378405980602083 -3.24500661649988
5.81604260270758 10.2294532679773
0.674440918767272 5.93119585317718
6.62990926174607 2.5876837489072
4.84570677206983 11.065862148537
-5.76742325253533 7.44641675824089
3.40340295080354 4.46286222677637
-2.53944941435595 -1.76025370866885
3.99527265463165 12.2157710202922
10.6489097212286 16.5931942615314
16.3169436303516 11.1154886985359
7.1885342014867 10.7574717247816
1.68107383527571 15.3131300033098
5.65391963373869 1.99399533232105
9.68540201327069 7.45001173994263
8.72317099933049 12.1510270928174
-1.92253881700076 5.59093263128863
-1.64530897856134 -0.0498993678229889
4.59611635030308 3.23187636109383
-2.72099435128122 -4.05032601335938
-6.98685761587239 6.67078199846181
10.6462616122687 12.0209990611657
13.9486924350938 9.50731015067443
-4.61752129834201 -5.78506782749767
5.0482177171019 12.3301869315992
-6.80861369108011 11.269848188685
-1.27934815596504 -3.70700076369757
13.3658718214164 15.4841323227969
17.0280945433936 8.90487618803848
-8.81152954512322 7.81726151872112
8.94929917006729 7.75886680900873
6.60374328599004 1.37441331967772
-5.50377759904109 -6.87253430797066
-0.601446082062368 0.335733063530766
18.9687214228537 10.6176577330562
6.73366847806435 17.5656037370864
3.44214066514287 4.37636343065373
11.1829611121576 9.92612279460407
-7.38108934038071 6.14372932628942
-9.03553138010941 3.50240665448192
14.3045321327021 3.13363477607014
2.88873593041123 10.9312289428686
2.73550941690464 15.9037301047252
2.36267123340377 15.7053530219831
-0.490038366444875 15.2260101466072
18.1558381761788 11.0325964867501
4.15361105812229 14.4774931459162
3.19706816015568 12.3789925360216
-1.52164222142125 0.907692484185304
-1.31877973978215 -2.26608564051388
13.469116192091 8.13825994704232
-8.83623719595342 -8.18151662812252
-7.72346053266198 -9.42594955237579
-5.4479215891316 5.14713210305798
6.97147567950295 5.47315470312671
4.64561848192498 10.7806447957211
-2.97571518497305 -7.23262693301893
11.8423911769861 10.9651779184318
16.7474478789612 8.48047456942869
8.17922913281695 2.57644208738464
10.5632656350461 6.78592362816269
-0.644373345934405 13.9864232301419
7.17546033911679 0.557898677015087
4.56239789077918 13.8234381618991
4.72315727536617 1.26843905906015
-5.37533789761913 -7.03671842641109
-0.0112229289281767 8.19820971408716
14.9910455572135 1.94382645516372
0.129790732495402 -2.61841522969205
-6.59793831692846 9.81690144200667
7.86902378115685 8.68585330474063
-2.97018745031473 -0.378582273907756
11.0036620599622 15.5364472477658
-8.93950271811774 11.8122708518126
1.96881827580869 4.66617760765082
9.61410203746459 7.6793221088936
0.422490415316978 15.7387020492364
7.71987430757165 11.5173115210607
-5.37303772335954 -2.06161162674801
0.961004603670424 -1.00168550656494
12.487256026863 8.75753907219576
14.1350585457441 5.67836329376317
2.45014472825836 14.111940852987
3.18449288096173 10.8984466868135
4.51852851889039 11.6665405275889
0.897002230237567 15.2633839871184
-4.74001189138975 4.4957461700434
-1.5470394252491 6.16310844449005
-5.1227338057571 6.39627813871717
1.29488505938869 12.6771481777572
12.7180696820677 8.11759600115894
6.80897239866844 6.83021308935949
3.80530866822737 9.72293583528955
12.3528547829258 4.69469248584223
11.8827439839751 15.4275938781921
-2.59362872000305 -3.29834785659982
11.8149636990124 11.974856315343
11.4338872224304 10.7042774834873
5.6442498661433 9.77265776407695
-0.264457021021962 15.8400043108359
13.6309658506848 6.61006834563863
-5.5374755476063 -2.40189307698003
-2.58111260858938 4.53616329567144
13.4329999989204 15.2393259804221
-1.64333937302061 -2.85266365734913
-8.31348491182983 5.6908093239002
-4.95222533784736 -4.27090743255435
-4.82985385659813 5.31302543744773
13.0136151878621 12.5711570428038
15.1542833349489 12.8772368639341
-0.459726881964919 -0.288886293104475
11.90425090988 10.3959223852325
1.65808482122431 3.97633068774931
10.4425721106501 6.63085870928429
8.06188405132593 7.1938257747512
4.4338750036067 2.87999652629424
-5.04158681060496 -11.6668793915113
-2.35258384795765 -2.14840028519592
6.55233278045885 3.63453619167001
7.51177601064005 5.03951164933339
4.02567314009228 2.51301589392421
0.385104598222903 16.5324330505951
15.2144703489034 6.10405900346786
15.3570934503133 9.31511169706946
4.79661008310647 3.93196417574048
3.04725056834863 13.0144106186208
2.54219595749863 11.0127417917171
0.372366113236307 15.2552871840561
13.0974117044134 13.3768368679803
11.8051315159014 6.36092503744447
2.17879017259824 4.80144077531874
11.0524045778671 4.32052185685092
-2.05665614234425 -5.69144968209331
-5.13420083599354 6.48241248736203
-1.62781348619673 17.7683866456216
13.7205501496338 8.1851708450528
-3.51429614261304 0.865649347552053
-7.55460149402585 -7.88108267706452
13.1402943517512 1.26257110699901
10.6095352852831 5.74917538191071
5.10862381974645 5.51917789800567
10.5626044944053 10.7843941995938
-0.259740060081251 15.44449822211
-5.19560967865503 -9.78775932413552
4.18344931646548 10.6725820044108
10.826181505929 14.2092556885214
11.6132604718335 10.8086121088334
2.30136449360726 13.1293107377269
-2.61950410924455 8.72695064783899
1.1563369172302 14.9537765739462
13.99711948644 12.1458770287372
12.300372451767 11.2924173586484
9.24530970180281 12.5350357065726
11.3891158243537 13.7423155756918
12.300165771538 4.39583089891093
-3.2435452215732 10.4836969575438
2.29484128011911 2.76603337191563
-4.64651383970913 -3.8829677261139
9.51006059722058 14.3467377266507
-4.68984742407436 8.62000585012657
-3.50519123024066 3.10905433189611
3.7634745017816 11.7541979822898
4.61582678656331 10.8838208484395
10.899359906102 9.17592170603686
-7.98185693971113 9.2294789521956
-2.20017231787547 7.72987538419875
10.8148689920955 8.91715206196247
4.52856306442712 1.86058446725021
11.2419712818007 10.9809217989526
2.4186176499636 11.6898640216896
-2.33980489517734 -1.60307807936216
14.250800625605 9.74954520464247
1.61685087943313 10.4749190740714
13.3637723399254 5.9283724328203
1.16329966203469 1.27796753242119
-1.48401078637457 18.1550924856109
10.8448537933998 10.264143753417
-1.28580010790573 -4.49299326200111
4.84115374522592 11.5988291874462
-0.867715194808328 3.47132703659403
-4.18911408069738 4.51735928474811
-4.91360828194265 -7.84077347776752
4.42373625843706 4.16443922608206
13.9863021447712 6.52356211268521
-6.40906826620225 -1.10066985853697
8.53654689682136 1.87321561747351
6.11358581313777 9.93305961674467
-5.76736914734428 4.45003882732457
-6.41307894836533 10.4063352780852
-5.96548368825585 6.25987380380203
2.55788956780628 10.4181403220846
-4.99337445701746 -8.72201296542624
0.297531485299626 9.16445718740318
7.66465396749166 10.1842783948004
-1.41914807588299 0.0499168007387638
-6.41238424544276 -7.82000886829262
10.5705498614767 9.91849635893312
10.3949551718736 4.33183062330146
6.37603273829993 1.30292670923358
19.9356757591278 1.37541010972157
-4.60129049841088 1.1470913820879
2.52376464516905 14.4470802990663
-4.21130249830506 0.9166437422973
13.7562740956114 14.1810649118501
-1.23616514510082 0.602823347000042
1.24490212609597 12.2833752123075
0.226352707192673 15.5545890256813
2.87987226994691 11.5984435534963
1.79359176318977 12.771465092126
-6.82607461908603 7.27755087223118
14.6382682251881 10.6039528558141
3.83482743343654 3.20149115714808
14.856552559649 13.0244831119021
0.391555168581252 16.8102765714042
4.3185319609117 2.6403892496588
12.567433560992 15.8170133986473
9.10149816970789 11.7777755663062
-0.743015237974957 15.8649092993035
1.60722096129496 11.3009457877257
0.045503051403367 5.16937651853891
3.9377252576815 14.4448620153634
-6.32441873564753 -7.74719879897506
3.62444608833442 3.97579116576737
-8.32756328754937 -2.16429759491273
6.58531171138604 1.04531213024948
-4.72563405632818 0.155163749450003
9.9693262721534 2.68081789599384
-6.93380557962054 7.90717332478263
3.68146201806598 12.7143501289456
-0.408323364850013 11.0223918553817
1.84477384510682 3.82604678581876
-4.04189147756258 -2.66895521727114
14.4830978426453 12.7801456965032
6.51320123534217 9.54620001054541
3.1288844987743 15.4175709955085
-4.14498489643483 4.65179265093526
3.03811051935473 14.7281983216167
3.09941030702813 13.1229482857524
2.55965135268128 15.6615895769648
5.21308837215584 2.84666865978924
-5.26608777212502 1.41395459355226
3.70746218890107 12.8933973889183
-1.1564986304548 15.5460788659364
2.03335069000127 3.22362908826898
10.4250393142788 17.9030373718687
2.92247350402608 12.2743950056494
-1.84304082987069 -6.99706151544401
-1.24087697657302 -4.73700516746118
3.73793880572053 13.7465848862703
15.8092499761313 5.5297318546213
-8.59867012840498 5.91652554706879
5.55881489091059 11.5579144216185
-5.97345375748599 -4.81026811008087
13.0544128271388 13.8862001815663
-0.0473160433503503 14.8896110363237
11.9521584733005 4.6120229233575
11.7208391058001 12.469353316871
4.49529704041417 14.4689647801181
3.54734420021577 11.1517491985572
1.84398274345904 10.9938396846372
5.31823955537372 1.70297253524505
2.3811335108135 14.2892121155626
0.0542223832024946 16.4522047807182
-5.92784378778783 4.12496006968266
14.908471930986 8.85876294869187
3.86775767014132 10.3777087446663
12.4940252777098 8.42335588824429
-9.7466055795461 9.65261312396511
2.55578766660277 12.1791236195013
-0.634008922319307 17.6491973759979
10.3254108273194 10.3282933740273
6.17183435387473 2.54221176564445
2.45192894513487 1.24657245193473
-1.37184178036745 13.6097299505527
-1.71086594551565 -1.29161870242292
6.34057719846816 3.01789592454134
-2.14068297960374 -3.80242762610128
7.63500095466939 2.49792123211284
12.4896554000314 13.9455509262012
15.617330272573 5.41315433843343
5.19399101020986 3.1486576966766
6.628155098939 -0.253302119077701
12.9411065512762 7.22890998698527
-1.65058276082113 11.7266525763892
3.73283883761384 11.9287862665761
6.73786817481748 8.83210543085504
-3.65913670525812 5.62374203691353
2.84152231974534 2.46130308733762
1.5992521730849 13.1395520817275
-4.59428280444624 0.116410205721095
13.1843546541011 5.50543508267442
-5.08013329463867 -3.85726149335771
9.93676977878665 9.42198886136201
1.53505467674906 3.00107488475017
4.34091049300021 2.02177346363665
-7.80456585630645 4.21209860968701
4.07446804985102 11.3208941693446
6.58112969003588 0.911605593820564
13.2209201608237 12.5520948470449
14.8525494413468 4.11230162894321
7.44216437938265 0.204274922092348
6.48963822235465 0.474176042813446
-5.08422585869514 -2.20564431591299
1.13707973169235 14.3190445724922
-4.26504552696911 11.0045000872772
9.61102604008741 14.0446290805649
-0.61603310551234 14.5600951116876
-5.44407862691411 6.51425385573338
0.559556832686564 13.4491369596374
-1.1415462525497 2.93436326814642
1.9815621809801 13.5195560014479
-10.1419733988392 10.1076029111806
5.27172462427936 1.5683503373675
3.10085951001332 4.95263881232405
-7.35421381272037 -5.99494059353
2.86818478559402 10.4231152847153
17.8635142230931 8.87148330205837
-5.20736312684496 7.87329037735727
4.41484399323381 11.9384253243619
12.9158730348479 9.9027467776518
-2.71345179010425 -1.4603032610878
0.862448968431113 12.5006365339925
-3.68608153834689 7.57449802001071
3.26382748451602 15.5537540577348
7.83398358326217 1.36650917495868
6.13388011788654 2.0047393380656
-5.67918070271381 5.55244031424376
-0.713210333665261 15.0523832434705
9.15549242320222 5.54667408553926
-5.39023810730602 9.12233774414079
1.17570897351764 5.37041563823666
2.29291425693108 10.6725688403914
16.6286578197194 14.3379474884408
-6.20973329573072 -9.56655571364322
-0.891663998490405 12.1236648896537
4.28115591196945 4.63718648637219
7.9135392519911 10.0480907201714
15.1470465517613 16.788866248665
-1.35408133519442 15.7018011017775
-0.706650759587399 13.428420828601
11.3661271930012 10.6164341438206
12.3395610770914 12.3414761430636
3.95696514496203 1.79078432297669
8.57762540711584 13.4715017444085
5.2737984339756 2.0369474584898
-5.38266463847482 -2.56229034500252
6.33909179339761 4.10957298464344
0.510016672770099 13.3505574811016
-5.18034983465938 9.31622071894627
5.24258068497836 11.9949161783984
-3.55709759645891 -2.15784658619004
14.5900898368212 8.82228918495688
3.97893279733199 9.94953869494497
-1.67651971650879 -5.55688997435668
4.93932201542123 10.9105420953392
3.06941418740361 12.7554870447504
16.7137218545 13.2942706886242
9.02682082643251 13.7914543292603
10.4813358760134 11.938168136202
5.136799513166 3.44802328119362
-10.2241011282073 -5.51300175130175
13.599675911804 10.357431462588
-3.2428084350571 3.59533534281308
-2.25247323396632 -0.223039047373377
0.849262621597057 16.9690241167147
12.9905826948782 8.24139387371219
-7.01867762266824 -1.37353327790528
1.30562111935592 14.55330975449
-2.38697857736658 -0.978562272161204
2.64402421402257 10.2833381311311
7.73882294935412 6.94167433890762
-4.14508901616082 -4.64278305942981
10.5412702316278 11.8091180977576
2.90974151171804 12.0867928875914
11.492228634334 8.07894239451175
3.65453371867819 11.7895895811189
14.3727120660482 4.19436980107546
-2.99371028213561 -3.941631410705
4.2551959554017 15.1036942042334
5.19650828570929 3.87426397179447
4.33506714296771 12.827594686274
10.5946065606883 -1.6017675513017
10.0502933101356 6.5449580134264
8.8072814000045 -0.702773961891687
11.4402931337902 6.10621790626886
-7.56550994946209 6.29661898994456
-6.55641205442183 6.37032123416338
3.11458439922973 9.27157583490241
9.05513568153435 11.928523247297
11.5200898744456 11.6759005827187
-1.4566254328209 -5.1167519724706
-10.1573991040084 3.84392268520683
15.5425429911646 10.5726380527729
4.13772679824845 13.1488232917256
-4.84755447193579 -4.997698444096
-1.97668085305394 4.73754219117579
-4.74578690485517 -12.0734125877731
13.5905765716677 16.3374592771362
-11.2052247849655 9.50386428426928
-7.31926605225789 -1.00669895481618
9.82733954556716 4.01215943424317
-2.82398119464103 10.0521535458781
-1.46275641251118 -2.03555933469576
0.390720554486085 10.9901157530496
0.828572463281831 14.8323743438812
17.1899493341724 11.8618869182178
18.7124398357193 8.0377421781808
1.65972282138135 17.5842072948288
-1.70984651481647 4.07671289388357
-5.93314110555612 9.4412049894611
5.94618274542249 0.804774396466617
13.7313760700892 12.3006566169381
3.21868799188906 3.33353407671439
-1.16176797678666 15.1732946685963
2.68810069960502 13.7818805224738
2.7568897917776 16.7272390204439
4.81711397231523 3.98884890308059
-1.72784790298254 -5.15035166460107
14.7606561701707 16.3561824508709
-0.56823354743594 10.8419646880068
-2.54714234082174 14.874273339269
1.46536085641785 15.2680770839554
12.4991891035655 9.61889563486133
3.59986010080425 12.5257691631383
5.33759035228297 4.04934353391175
-0.248467937092677 14.6831131575207
10.3538630391828 17.4543780195992
13.2383826327167 10.8216179312019
-1.22480460644716 -1.30924773420592
1.99373137725799 14.2811018083791
13.5684652290244 3.97151176403066
17.9002351360729 7.63328491746794
9.63781332146007 9.36430924697547
-7.28931289964375 4.30134824971699
-3.58387102036538 -5.39769866118542
-3.78615867508164 -3.12443880919228
2.00482568462654 3.7610874686436
-6.26003270981311 -4.37492047523802
-1.2677885840188 4.49820711825938
-5.71477322589202 5.15712856768672
0.73302318888561 4.00003747104018
2.11989243774592 13.5985081300524
-5.65896939172619 8.08599746800392
-4.61234568914992 -9.21168960654429
0.803425439330859 15.9931168938823
-3.82848429923885 2.40198088300586
10.8645928583689 12.1382919009546
-5.5995679502451 -6.76976568239584
5.7734158644174 9.00244911324852
-5.05985631407487 -5.74325177454341
11.596312378931 10.4758221525463
-2.98659095758922 -6.77254988018537
-2.57079966514105 -5.39106612234264
0.789756964492312 2.3847532488342
10.786954617909 8.42421899578116
11.9718285742538 8.60483797837884
11.5157752132369 12.1504889628811
11.6177937293239 16.8241869445359
-1.79954572466906 5.95940794121248
-1.83038851065038 2.65187701820198
-3.56597158102184 1.51651866540637
13.0853320502501 14.9084649072796
