x1 x2
4.73678478183377 -2.68732007599686
7.66068932116591 -3.84384284073561
5.65060151480996 -4.8432067420938
9.01032960539794 -3.34307136832914
9.20671662830503 -1.54580538724252
0.703975366299748 0.241398536135434
2.0481309122384 -3.22171066238499
6.23406665186391 -5.20015073215136
8.84555692969431 -4.48960650281217
-0.371150118606264 -5.72401480282514
3.74412984866555 -6.5573791588338
3.03001548689771 -3.26659170568313
7.68983674163204 -5.07509118498616
-1.62937033464792 -2.42824679034119
6.86861750047446 0.649330192750612
-4.58833822274352 -2.04428406431016
-5.34170755104449 0.994832411520834
1.54908413993103 1.3987816636649
3.07207349513118 -5.16182625963956
-5.80644868949513 -3.09804051090806
4.55719761545009 0.329208411049325
4.80124790091672 -3.30787420223887
5.3367587826061 -2.97389605399214
4.78142513763694 -3.81033031523338
-2.60907308822952 -0.0301776866287164
3.17470050623117 -6.06277113781376
6.19015211860183 -3.42218908603373
8.3552089647522 2.87808183276668
-7.01993093114053 -8.49031171633233
-1.8986984104242 -4.64403028930792
0.666554702591966 -6.22680082861621
2.36414930185222 -1.14408614092654
12.9620276956881 2.72047104924339
-6.13705662326712 -3.99176794195758
9.26975568565855 0.65656751972677
-1.0619722089096 5.15680223933485
4.88379309886783 -5.15025573136072
10.1792870706746 -1.2099944792556
6.39875864750936 -2.16297526075858
-1.06177744872233 0.823698153025231
2.55315824824987 -4.52987656732733
-2.11393453321811 -5.52134452432188
0.561022228172544 2.45365644659448
5.71713409660103 -7.43508722761937
4.29581704556833 0.251153264222616
9.48934916126454 -1.60050506304041
5.48198874113101 -5.57665618001637
2.01273339338262 -8.63085551618622
2.51196632647084 3.34200129531099
7.14117433337814 -5.96903868646792
-0.809992936431746 -7.34545354330064
-1.99488857092238 -9.56592405338091
10.0791437237999 -0.644247996568329
3.82996253273383 -1.2555129451634
1.15457953927844 -4.13995398738268
2.57835318988659 -3.00525992785695
5.26113825315947 -1.30557587853488
-2.11378147391231 -7.6400948450519
-8.38084368856453 -2.83802916076236
7.6546034861803 0.666223698406132
-0.61262365629238 -3.91932214487244
14.9554821016427 3.1058194832072
3.68487114164873 -2.6486590506469
0.71035833877533 -9.98725917174705
5.74403097938757 -1.03841790395828
-4.07658501633179 0.555086300886881
6.28793050810026 -5.55102212551348
7.8935710060535 -2.82824794571546
1.71263597051777 -5.07069950061097
4.71670491495878 -3.65764848766636
2.93558664490991 1.27791384170781
8.21079334492998 -0.0324572290904622
-5.99591568488453 -3.02209470249329
6.03785099735128 -1.24344625173992
7.89415311427188 -3.72681775841011
-5.70908417755345 -0.525230672503252
-1.43365017889574 -2.2788266372359
-4.43244049085256 -2.30846954300342
5.47689417076206 -3.26377230113515
2.41739672709848 -6.52161201661273
4.14650110857498 -3.10969474335975
6.04797359579434 -9.54167564095133
-0.855343308834583 -3.5149886915119
7.28888517139338 -1.80725308839577
0.550289840195063 -5.20710405543487
7.71168065947014 -4.41685187462619
4.24184941643504 -4.46181895536804
10.9885164428751 -3.86309223661936
7.54681238625222 -2.39943206512209
3.35487893731669 -2.24009193501191
9.20029477474444 -4.81270929440864
0.697602057524532 -0.972645041610328
-0.546391490103046 -4.65814802011497
-4.29863613146049 4.11819481257427
3.01733754610025 -2.86298869501379
-4.4032814016624 -2.26420678325394
4.10334313542747 -2.41794650818219
-1.47017582532031 5.58500634086083
-6.5805955568939 -3.37323848917877
4.85516822754808 -5.86708164415964
8.65122260045809 -3.08778915903128
10.0452006993041 -5.99508856990743
10.6969394121831 -0.476118059337967
4.67463123928682 -3.01778789601722
-6.95860259071806 -0.755824824012653
1.73030474775718 2.28538205190321
0.890660495780282 -0.288455527681541
0.664924103891008 1.01791963044799
-0.146026748618054 -7.04330132418737
6.52321660802759 0.733888657048237
6.49353205334628 -4.25335446628707
6.34810550044229 -6.36467678545638
-1.32402596805427 -8.14106780845147
-3.23936600052721 -0.134043713493719
10.0289850356646 -0.789739025198715
5.83726653632554 -2.77011639269748
9.69413133041268 -1.59830354463098
-6.69662968891243 -1.2183093374604
-3.06728036479093 -1.35577909423452
10.2263393957678 -5.91653019809735
-5.02416083397165 -0.0561115604557017
-7.23542655083015 1.4334747047859
1.31751776700741 -2.8405740344985
13.9854366878569 2.89356487794827
8.09060903876006 3.32734028397989
4.55298892472937 -6.91018690130709
4.64137118141801 -4.879064941217
3.11956501065456 0.477229210767329
9.46148496474898 -0.140451942881105
-2.40659838510271 -7.47416332252021
3.83920401046992 -5.69565973512058
12.3604658639132 -0.0359876010795187
8.33111064088789 -5.05570734871142
5.3240942525503 -4.67169331657693
-5.16825882364698 -0.767646442569938
-0.237857172285751 -3.07906066560477
1.44561954287693 -5.76026775439402
-0.620778889824804 -7.93779946429125
5.0746208984462 -0.728137558298293
0.796533330729126 -0.972952126624089
5.43077276821812 -1.80975683113267
9.38527565773597 -4.06990611879511
-0.377759760921422 -4.25627364704898
0.564909164728789 -1.61372039001757
2.62352544013793 0.189129261889991
1.84394299055285 -6.61550469161685
10.8623753917787 -3.28107498837698
2.09170413335856 0.824331460624914
6.78153627418413 3.20594049823152
6.08838937169166 -5.73080493534987
0.150959565140213 0.652376232454447
-3.00804485417879 3.65258170564648
3.34768108265824 -4.18648107575116
-2.00850953252686 -1.82774122956704
-0.723166417632684 -6.17313264017385
-4.24087268429949 -0.464187967873173
0.256204845680345 -8.73182709487209
5.77280169061064 -3.62694853565078
-2.95121995232051 -4.97165367158506
0.547696132797813 0.278426773915736
3.8333482672032 -10.0373165438727
3.97330987338083 0.949919369702958
4.908862611326 -9.85456698632245
3.80193665715105 -3.59820157046522
6.51492498344945 -4.13640303157149
-2.43515870331151 -5.29132241485558
1.15133277700059 0.13586626378159
3.90723264038565 -7.21089733572634
6.7779032467323 -9.8142354496257
-1.52497575037498 -9.52088450855778
3.06564050417831 -6.31321125234226
5.48473756138309 -4.58140069834524
12.4572208931399 3.22357355479164
3.20016425772306 -1.15480491699267
4.19469300590604 -7.07967757096008
11.0890197667038 -0.207959007193669
5.69320625145733 -2.9551871239116
-0.905202561485065 2.22073499320827
4.69142767654547 -6.6905977080526
5.88219290775255 -3.5834722260538
4.85749833395399 -6.50355954322215
6.30610852224508 -2.79735842163654
12.9106289090638 1.69419400398807
-4.210677388891 2.03876133432067
0.231060965000064 -2.94776044728735
5.05400648610862 -3.22789047655393
8.62984226931075 -3.23303077849041
-1.34075963169363 -4.69643034268577
-6.88841937206689 1.57932533821352
5.63851651963352 -3.68592275863805
12.3531007375711 -4.18286675477744
1.38100383842094 -6.31111884752901
10.2296792810855 -3.30459379066141
10.7519628493645 -1.32727044012167
4.86286406703065 -0.172809831921918
3.34488775952053 3.84442945191255
2.42122465986474 1.72738538438428
-2.49468261094029 -1.47877143495559
3.68505814075652 -3.4193718645136
1.11808138011868 0.112964671454096
-2.23113602654814 -3.92997848856492
3.83185972469546 -8.41919252436156
8.61301189856088 -6.61900305733247
2.75504907946099 0.217466950069729
3.69894748184561 0.185360717147458
9.32703369494387 -7.21391441439661
7.08959604109643 2.01900532124822
6.90971447779703 0.441077546536712
8.85544169215879 2.14104108119497
6.41993551617129 -7.37027976094801
2.60098582853456 0.108140909915297
0.88585230524466 -9.56618074870256
-6.04582035102897 -5.72627973359645
-1.31794088145414 -4.59346488512478
8.00744902113597 -7.05585909626025
-5.57927644691054 -8.47723781388642
0.256264167121196 -6.36627717199438
-2.41578797209707 -4.66283124260658
2.96725102113093 -0.793304249496667
5.82123341665006 -1.0694947284457
8.40276652916677 -2.02445249225148
5.46668630012 -6.78019772814581
7.00042243898378 -3.09684232099108
1.02138098110757 -1.98133304021054
2.41969326159153 -3.71969969364416
2.89792071994096 -7.68003549128873
9.71690851905967 -6.87914347876089
-0.690264007158085 -2.86430732326587
7.82939162273518 -9.91482228053782
-6.50395452506552 -10.0379912998889
-1.41662824438006 0.547888858741037
9.89679039638568 -4.05767856528862
-0.139082811402714 -5.66210123744152
0.648653869277866 -5.37614910716395
6.95037909267121 -7.15993063004302
9.44311696892926 -1.3375332676697
1.7469809632842 1.22055677159513
-0.99815473359918 -0.543235096421665
7.23510357777958 -5.89232888826576
-5.19165074527748 0.416079338632352
6.22404100950759 -0.762303471191982
6.58470132713526 -4.93934161673933
-2.83857092815784 -0.908983776456336
-5.274946199569 3.13438862982515
1.27965916818458 -3.35466785163788
6.09938093010725 1.84754717192639
-1.28342959798633 -6.09798938702706
0.102928517456574 -5.23309641434593
-3.02268744235586 -4.13035781022816
10.3134988964713 -3.74556240370562
5.03914743593295 0.778803263389251
10.3658400165632 2.91277645741418
11.2488505444081 -4.67493200516417
11.049476062985 2.55490887856677
9.33690946727255 -5.06464804370248
-6.02153515608132 4.36365936212287
-4.3256626884072 4.13538581235842
5.8014492629828 2.60837849943998
-0.55764131354946 3.54425694124334
-1.32849223430485 -6.46350892559185
-0.764224021678583 2.18735017851146
8.16855428568152 -4.98525626910686
0.878198872548599 0.441162521151888
4.96959783854117 -0.0882284190941789
-3.86802701418874 -2.37477769879116
9.31303430148882 -9.94226328155872
3.20454262579655 -7.43733610824963
-1.42651189187406 -8.25899294646906
0.548040316361293 -4.45094434528966
-8.03679725026984 -6.6929815343193
0.841966199389977 -1.05096583283418
-5.40466666053686 -4.25952916895376
-0.776994379723652 -6.71981689862539
7.92254328420861 -1.03008800880422
10.7212113930989 5.89432158914654
-0.946945867274292 1.90838785203016
7.46506755714392 0.334644293221873
-0.581912580536205 4.09969695341587
4.26907732975383 -2.78151551228334
5.65725847571568 -6.28021460566511
9.55120882019803 2.97375034664352
13.8389917048024 -4.42397535086318
3.87702447915226 -4.73043426175358
-0.322092895323338 -5.46924261909674
11.6647527309484 -0.227257154210782
0.307463809951097 -3.66368824789407
3.83962444942428 4.16066019709562
0.938507527721316 4.54011736964502
6.71840838299987 -7.75930919243538
7.77237437283121 2.32134482850143
1.18407164243436 -4.73525119652477
-0.912696070356543 -5.63992787448052
-2.83978114548993 -7.34407671347456
5.65251827933337 -1.85023400688497
9.31035059232979 0.996671534710476
9.24496381077069 2.17837004068327
-7.17380754384322 -1.95076805240223
-0.012839657154966 -2.33625600001416
5.79757518036552 -11.4327836502636
3.11202695606633 -0.647488380096325
7.33131427879002 -1.09670069136382
-2.51682714458961 -4.72894165470719
1.56241600953116 -4.8620332256805
3.32507429556214 -4.73708601839186
-2.33354187790488 -3.07910191089718
7.32752571041841 2.96925770510832
6.01835846162029 -7.36161186845589
3.60447751299598 -0.451814762146498
-0.857902712616698 -10.5081482458936
7.51313226949592 -0.462574481841717
-0.394537835472492 -6.78409443759804
-1.27656451065569 -6.10694964513359
9.1768372725281 -3.26781524785873
5.00240285946436 -5.69513323248985
9.36569880208429 1.99070970304734
-1.6245851348515 -5.39382905529219
7.8910345913474 -2.2266793721979
8.07068509257098 -7.09574601171345
1.29259886618754 4.53634893852858
-4.32059981907011 -9.72078075338048
7.97782926838392 0.528252446347024
5.09745208332236 -4.16694715850002
6.12880733946521 -3.25241138881549
6.11507343764495 -1.19851522576059
4.27149527287437 -9.28982757414986
-0.137199564925465 -7.16525822864289
7.30745471469412 6.21197366779711
-3.44933690504703 1.78097626584643
4.33369492275463 -7.89292905883537
-1.13498350213041 -0.0104035909711993
7.39828856749611 -0.397609707660222
6.4313928208315 -9.21657081401557
5.94841632341495 -9.82069875688608
5.74038756934074 -6.76780841028496
2.54387459390464 -9.30207922288275
-1.37864581780235 5.03270239192107
13.3634613519278 -0.595040784943657
-5.55992757845224 -3.88066082069456
10.1621547071716 -4.01072693461438
-3.35791412756258 -7.38004296684544
-0.222686124436921 -6.06349186309451
8.81023398560753 0.416415786049328
5.68693845632402 -8.34224432444499
0.504756992497099 -1.22831061133132
5.50040107916729 0.122966222216709
10.3557714522111 -1.15986733960616
6.79604586584433 -9.29662627061024
3.97020196388834 0.661313513373782
-3.43133117523576 -10.2298790449936
-2.88326405930267 -4.312932741961
-2.41669564709649 -8.93828860087357
8.07738361762863 -3.00039552656021
9.3140704667816 0.537753232609377
-2.46267933457626 5.87599586984672
2.28982031159719 -1.63147938059668
-0.590936615826466 0.692213996697349
3.9264321537582 -4.85705208061496
9.02216896651274 4.61427582603131
0.64970486142807 -6.93912781092292
2.77823705661499 -0.28205214201384
13.2518839356366 2.70877824737904
0.258967974642727 -0.268485940004055
13.5115474517246 4.44267372771468
7.44186769759333 -7.08794002867299
-3.0444890610023 -1.61532268762029
-2.13378275714903 -1.43408208877984
-0.863210600883525 -4.04942049259468
6.88726333099758 -0.742838730245612
6.30422120258636 -4.82116387288935
2.6587618186346 -4.46779342637913
6.93705057548491 -6.14497229270628
7.44536001082192 -3.58200613012437
7.29612826033377 -6.04888933301548
3.07483552089455 -7.88652132710626
-5.99480253957729 -8.83421885332197
-4.05033076280587 -4.85042433736005
-3.20057683915642 2.76329095794724
5.43130590023421 -10.4695991470836
5.79700558031706 -4.50773476267885
-2.88579923606307 1.80505293614906
-1.13146166193409 -4.43246326494144
7.05214932657743 -6.08254669562407
-1.2939126573652 -2.89012524099016
-1.81902071886727 0.0932260691612095
-4.82311687591715 1.25891233578066
5.67605350594986 1.60966541999752
7.97532705619121 -1.89364806316345
-1.65773660401755 1.06547396610248
-6.49861739460833 0.677612740923884
8.00610635248 2.87405550704176
9.5818684012096 2.29671498814114
-6.60062333814627 -0.282548324399135
-1.22987696770796 -7.24868080638063
-1.56373636382612 3.86605206543496
7.46391957487499 -4.87286226361046
7.30101452815272 -10.0751735828109
0.644654087824857 -6.52705543255684
-1.10128003413217 -1.48753803794039
-4.52023908582673 -0.229333089500187
10.739232030261 -0.331128611980057
-1.99290394037911 5.08978901303066
6.26046603122141 0.0160491725421882
-5.3931898116311 -7.61840680619181
8.44193466684849 -4.35024547688548
6.1540768954144 1.28711345350873
8.16457678376921 -0.857256927014847
-2.23000742193564 -7.04668545969327
6.17760236120786 -0.602121495582029
9.56783592089998 -4.85411307582914
0.233031977809 2.03919280804399
0.235950259774158 1.8980926518532
13.181785593294 -7.45243096759866
10.795060076605 -5.62245062064012
8.10389644509212 3.5354883226235
2.07651495153787 0.791553544579095
11.3249082632166 1.35858661697524
2.66474297473005 -2.47916616454625
-3.84273155414861 -6.83705296103653
6.14795033343173 -5.21374988927092
9.60708300277398 3.78015480127643
10.7693379378827 0.363246532159255
8.42720377483621 0.048614307429564
8.33426395363061 -1.83916564500004
10.4408888352777 -1.64739733246781
-3.3619824341299 -0.515008070734184
-4.08187846355075 -1.23102602721066
7.37490886286255 -2.3608974814304
1.47069308342642 -6.03344358162751
-2.74759078494123 1.20037594455153
-5.13778904521766 -1.25047953188184
2.2914530580428 -1.8625392060765
-4.29004720143937 -1.07632769461625
-1.7394329471153 -9.07369254500955
7.72273006907197 -4.98389716760083
-0.464604558772452 -5.05095798466822
9.23187052878388 3.87103890802636
9.23737277655939 -6.33855722833452
3.57909530753156 -4.77160094536302
0.574105492424331 -2.86177066959398
8.76089343253073 -2.42199392566066
6.37196087485727 -5.38505110657566
-2.34727127222744 2.92778080999668
6.18930525338541 -3.05135515333886
-4.06233883092398 -0.153650956910951
2.84687095733075 -2.01055241090263
6.69602411716954 0.294736740027473
0.701538677461195 -2.22361762566715
4.99128861393677 0.137898506507513
-0.764338143359148 6.58188233174044
7.48585595720554 -6.74099270892081
3.10601007299073 -0.344961085374222
4.25425789685062 -0.351527565031664
2.41478509530455 -9.89151382098843
7.36721934414164 3.37756889101232
-6.11031170549419 -0.477490739551842
6.40097029437213 0.0418873942451512
0.691503889239988 1.55986147504785
4.23213180684285 -8.47752424385566
5.50519152315754 -3.63513224580142
3.03253627808629 -2.91194920238914
7.60215752416237 -4.24318832446282
-0.132834769280634 -4.11034547840767
2.69386820539932 -7.61777229127332
10.6112007246691 -6.03503433051471
10.0897612276667 0.249391788883248
2.61873036778821 -3.69716765492179
-0.0259731579091194 -10.8579106725603
-2.29710350868277 -3.44806718305557
-4.63352358726863 -0.0924450179042988
3.35742981292556 -5.46286822031639
0.524839246396487 -8.55414714241773
-2.9370956069268 -3.65186502549653
3.76969912528794 -0.212532605962267
6.34600754196106 -3.93195332767212
-5.2237225429586 -3.73188069032671
2.41791221992652 -4.29660030309837
-1.79564541547664 -3.36857784424044
10.4927561420615 1.82262997632773
10.5158516839255 -3.00308048427679
10.4617597536466 -5.70880902504536
-0.615190672790792 4.95157412528375
-0.310636213820902 -4.24857770877399
8.62245813221186 4.05910196103182
2.97992182866482 1.56432274931065
4.25479629157103 -1.43138385226401
-1.6183320050371 0.608572279172774
-0.205290029815723 -0.721862350367293
11.6912026421209 -3.92702187862925
4.54121144967426 0.0697993359235342
11.6236927545407 -3.65631848947765
5.1231989673133 0.899052315445117
2.78189626560892 -7.57767163737542
1.4530186850503 -2.56177692728401
2.62975158286851 1.54331137121774
1.4214602048415 -3.17882358202465
11.4913157238097 -4.38994385638846
8.37568816367549 -6.45493303466836
4.10538824414183 -3.01059152358021
-4.49579253705646 -0.534543345965954
-0.0862362383979967 -9.7008408362529
9.67512054189719 0.552545559243685
11.840023702626 1.07641358076628
5.2978537932853 -2.13362040010486
5.05334886530944 0.576552562758027
7.47918523218177 -5.82012231643129
6.67204001442232 -0.732495166175873
-2.88615712373428 -3.69657508979876
-1.43527201392253 -4.28121161470535
4.1516397024201 -6.09112076782964
-4.05977593892702 6.47848417087031
-2.62845264975489 -1.12201892371452
8.30521643944869 -8.31357067458573
-2.34375602089484 -1.71595279078337
9.67893287544018 1.89929608894862
3.8812385223773 -4.45898789244123
7.54446851493499 -4.08501874730079
-1.46479197647672 -1.59038639995267
-1.3491317854469 -1.58261241683169
10.4009760557125 1.64075975886728
0.944925352582461 -1.81645877339675
1.74885390671692 -7.30536366855719
11.6942486874502 2.65995028395969
2.48526003515124 -2.31074271194929
10.5658871960931 1.44941561874122
5.56913024174456 -5.49422362789194
2.54660650159729 -3.97865427371308
2.00044899890088 -3.13795054349522
2.56242638994145 3.55306345205201
3.02079139193349 -0.514700751016352
4.96351453597702 -4.29450419728033
-1.2180124332669 -9.84173821742747
1.88653950336705 0.11740611243129
0.232797728159032 -5.89829866311434
-4.19587621912007 0.224610622892646
-8.14013309046002 0.865195313179513
1.23422619636151 -2.7976266894919
5.59817663507698 1.5694941095432
5.50606884621607 -6.09204003034447
-3.44734897724689 -5.9341937794672
2.98768346053706 -1.573705266192
0.879248549094539 -4.36892615662656
8.19260554144316 -10.8292932595168
3.36306301578794 -6.49985015001409
11.7227001511731 3.10202395175765
2.84508545795806 -2.63396629446359
0.0740010645560905 -8.1659627983835
7.05217521175962 -4.94175419733643
7.70183283362507 -1.28187396983604
-0.756774882302885 0.86113089702366
-5.89915335960928 -1.99750193265457
2.53417063410603 2.84136535009458
0.369896212332128 0.665473672042431
3.26721907854939 -1.41479745965782
6.16451848779485 -5.22616123871412
4.7604676015178 -7.32683563330991
0.660372049408954 0.281743721634722
0.0674414524302664 -5.88355470238053
-4.19784691216741 -1.40559475890479
-2.11226238327368 1.90804532497798
7.70504894431568 -1.0046605180303
11.8334958660032 -4.58092443492071
2.22808026222065 -4.00169071740994
4.80846102107485 -3.42883043841741
6.29438210696033 -0.924986617631556
-0.734441341551829 -3.7531087645876
1.19426988256741 0.646960899043688
9.80925395284459 0.562447531616968
3.92368848555378 -9.88885033440452
6.5255598585022 -3.88930476020142
-1.3788558667054 3.90219153256452
7.04923390710727 -3.33461570974322
2.82847986850076 -1.89564014528345
5.92043434581761 -5.56655168191664
4.19313941502608 -0.057743134381443
-2.33737729377967 3.87680549772456
10.2754440203563 -0.2442964594525
-2.35647763156884 -6.03084351865221
